# Blender v2.79 (sub 0) OBJ File: ''
# www.blender.org
mtllib Dress.mtl
o 下半身_Sphere.001
v 0.000000 2.889059 0.025897
v 0.000000 2.845704 -0.038987
v 0.000000 2.780819 -0.082342
v 0.000000 2.704283 -0.097566
v 0.000000 2.627746 -0.082342
v 0.000000 2.562861 -0.038987
v 0.000000 2.519507 0.025897
v 0.000000 2.504283 0.102434
v -0.000000 2.904283 0.102434
v 0.029289 2.889059 0.031723
v 0.054120 2.845704 -0.028222
v 0.070711 2.780819 -0.068277
v 0.076537 2.704283 -0.082342
v 0.070711 2.627746 -0.068277
v 0.054120 2.562861 -0.028222
v 0.029289 2.519507 0.031723
v 0.054120 2.889059 0.048314
v 0.100000 2.845704 0.002434
v 0.130656 2.780819 -0.028222
v 0.141421 2.704283 -0.038987
v 0.130656 2.627746 -0.028222
v 0.100000 2.562861 0.002434
v 0.054120 2.519507 0.048314
v 0.070711 2.889059 0.073145
v 0.130656 2.845704 0.048314
v 0.170711 2.780819 0.031723
v 0.184776 2.704283 0.025897
v 0.170711 2.627746 0.031723
v 0.130656 2.562861 0.048314
v 0.070711 2.519507 0.073145
v 0.076537 2.889059 0.102434
v 0.141421 2.845704 0.102434
v 0.184776 2.780819 0.102434
v 0.200000 2.704283 0.102434
v 0.184776 2.627746 0.102434
v 0.141421 2.562861 0.102434
v 0.076537 2.519507 0.102434
v 0.070711 2.889059 0.131723
v 0.130656 2.845704 0.156554
v 0.170711 2.780819 0.173145
v 0.184776 2.704283 0.178971
v 0.170711 2.627746 0.173145
v 0.130656 2.562861 0.156554
v 0.070711 2.519507 0.131723
v 0.054120 2.889059 0.156554
v 0.100000 2.845704 0.202434
v 0.130656 2.780819 0.233090
v 0.141421 2.704283 0.243855
v 0.130656 2.627746 0.233090
v 0.100000 2.562861 0.202434
v 0.054120 2.519507 0.156554
v 0.029289 2.889059 0.173145
v 0.054120 2.845704 0.233090
v 0.070711 2.780819 0.273145
v 0.076537 2.704283 0.287210
v 0.070711 2.627746 0.273145
v 0.054120 2.562861 0.233090
v 0.029289 2.519507 0.173145
v -0.000000 2.889059 0.178971
v -0.000000 2.845704 0.243855
v -0.000000 2.780819 0.287210
v -0.000000 2.704283 0.302434
v -0.000000 2.627746 0.287210
v -0.000000 2.562861 0.243855
v -0.000000 2.519507 0.178971
v -0.029289 2.889059 0.173145
v -0.054120 2.845704 0.233090
v -0.070711 2.780819 0.273145
v -0.076537 2.704283 0.287210
v -0.070711 2.627746 0.273145
v -0.054120 2.562861 0.233090
v -0.029289 2.519507 0.173145
v -0.054120 2.889059 0.156554
v -0.100000 2.845704 0.202434
v -0.130656 2.780819 0.233090
v -0.141421 2.704283 0.243855
v -0.130656 2.627746 0.233090
v -0.100000 2.562861 0.202434
v -0.054120 2.519507 0.156554
v -0.070711 2.889059 0.131723
v -0.130656 2.845704 0.156554
v -0.170711 2.780819 0.173145
v -0.184776 2.704283 0.178971
v -0.170711 2.627746 0.173145
v -0.130656 2.562861 0.156554
v -0.070711 2.519507 0.131723
v -0.076537 2.889059 0.102434
v -0.141421 2.845704 0.102434
v -0.184776 2.780819 0.102434
v -0.200000 2.704283 0.102434
v -0.184776 2.627746 0.102434
v -0.141421 2.562861 0.102434
v -0.076537 2.519507 0.102434
v -0.070711 2.889059 0.073145
v -0.130656 2.845704 0.048314
v -0.170711 2.780819 0.031723
v -0.184776 2.704283 0.025897
v -0.170711 2.627746 0.031723
v -0.130656 2.562861 0.048314
v -0.070711 2.519507 0.073145
v -0.054120 2.889059 0.048314
v -0.100000 2.845704 0.002434
v -0.130656 2.780819 -0.028222
v -0.141421 2.704283 -0.038987
v -0.130656 2.627746 -0.028222
v -0.100000 2.562861 0.002434
v -0.054120 2.519507 0.048314
v -0.029289 2.889059 0.031723
v -0.054120 2.845704 -0.028222
v -0.070711 2.780819 -0.068277
v -0.076537 2.704283 -0.082342
v -0.070711 2.627746 -0.068277
v -0.054120 2.562861 -0.028222
v -0.029289 2.519507 0.031723
vn 0.0000 0.6952 -0.7188
vn 0.0000 0.9151 -0.4031
vn 0.1542 0.9152 -0.3724
vn 0.2751 0.6952 -0.6641
vn 0.0000 -0.9151 -0.4031
vn 0.0000 -0.6952 -0.7188
vn 0.2751 -0.6952 -0.6641
vn 0.1542 -0.9151 -0.3724
vn 0.0000 -0.3743 -0.9273
vn 0.0000 0.0000 -1.0000
vn 0.3827 0.0000 -0.9239
vn 0.3548 -0.3743 -0.8567
vn 0.0000 0.3743 -0.9273
vn 0.3548 0.3743 -0.8567
vn 0.0000 1.0000 0.0000
vn 0.0000 -1.0000 0.0000
vn 0.7071 0.0000 -0.7071
vn 0.6557 -0.3743 -0.6557
vn 0.5083 0.6952 -0.5083
vn 0.6557 0.3743 -0.6557
vn 0.2850 0.9152 -0.2850
vn 0.2850 -0.9152 -0.2850
vn 0.5083 -0.6952 -0.5083
vn 0.3724 -0.9152 -0.1542
vn 0.8567 -0.3743 -0.3548
vn 0.6641 -0.6952 -0.2751
vn 0.8567 0.3743 -0.3548
vn 0.9239 0.0000 -0.3827
vn 0.3724 0.9152 -0.1542
vn 0.6641 0.6952 -0.2751
vn 0.9273 0.3743 0.0000
vn 1.0000 0.0000 0.0000
vn 0.4031 0.9152 0.0000
vn 0.7188 0.6952 0.0000
vn 0.7188 -0.6952 0.0000
vn 0.4031 -0.9152 0.0000
vn 0.9273 -0.3743 0.0000
vn 0.6641 -0.6952 0.2751
vn 0.3724 -0.9152 0.1542
vn 0.9239 0.0000 0.3827
vn 0.8567 -0.3743 0.3548
vn 0.6641 0.6952 0.2751
vn 0.8567 0.3743 0.3548
vn 0.3724 0.9152 0.1542
vn 0.5083 0.6952 0.5083
vn 0.6557 0.3743 0.6557
vn 0.2850 0.9151 0.2850
vn 0.2850 -0.9152 0.2850
vn 0.6557 -0.3743 0.6557
vn 0.5083 -0.6952 0.5083
vn 0.7071 0.0000 0.7071
vn 0.1542 -0.9151 0.3724
vn 0.3548 -0.3743 0.8567
vn 0.2751 -0.6952 0.6641
vn 0.3548 0.3743 0.8567
vn 0.3827 0.0000 0.9239
vn 0.1542 0.9152 0.3724
vn 0.2751 0.6952 0.6641
vn 0.0000 0.9151 0.4031
vn 0.0000 0.6952 0.7188
vn 0.0000 -0.6952 0.7188
vn 0.0000 -0.9152 0.4031
vn 0.0000 0.0000 1.0000
vn 0.0000 -0.3743 0.9273
vn 0.0000 0.3743 0.9273
vn -0.2751 -0.6952 0.6641
vn -0.1542 -0.9151 0.3724
vn -0.3827 0.0000 0.9239
vn -0.3548 -0.3743 0.8567
vn -0.2751 0.6952 0.6641
vn -0.3548 0.3743 0.8567
vn -0.1542 0.9152 0.3724
vn -0.2850 0.9152 0.2850
vn -0.2850 -0.9151 0.2850
vn -0.6557 -0.3743 0.6557
vn -0.5083 -0.6952 0.5083
vn -0.6557 0.3743 0.6557
vn -0.7071 0.0000 0.7071
vn -0.5083 0.6952 0.5083
vn -0.8567 -0.3743 0.3548
vn -0.6641 -0.6952 0.2751
vn -0.8567 0.3743 0.3548
vn -0.9239 0.0000 0.3827
vn -0.3724 0.9152 0.1542
vn -0.6641 0.6952 0.2751
vn -0.3724 -0.9152 0.1542
vn -0.7188 -0.6952 0.0000
vn -0.4031 -0.9152 0.0000
vn -1.0000 0.0000 0.0000
vn -0.9273 -0.3743 0.0000
vn -0.7188 0.6952 0.0000
vn -0.9273 0.3743 0.0000
vn -0.4031 0.9152 0.0000
vn -0.9239 0.0000 -0.3827
vn -0.8567 -0.3743 -0.3548
vn -0.6641 0.6952 -0.2751
vn -0.8567 0.3743 -0.3548
vn -0.3724 0.9152 -0.1542
vn -0.3724 -0.9152 -0.1542
vn -0.6641 -0.6952 -0.2751
vn -0.2850 -0.9151 -0.2850
vn -0.6557 -0.3743 -0.6557
vn -0.5083 -0.6952 -0.5083
vn -0.6557 0.3743 -0.6557
vn -0.7071 0.0000 -0.7071
vn -0.2850 0.9152 -0.2850
vn -0.5083 0.6952 -0.5083
vn -0.3548 0.3743 -0.8567
vn -0.3827 0.0000 -0.9239
vn -0.1542 0.9151 -0.3724
vn -0.2751 0.6952 -0.6641
vn -0.2751 -0.6952 -0.6641
vn -0.1542 -0.9151 -0.3724
vn -0.3548 -0.3743 -0.8567
usemtl mmd_tools_rigid_0
s 1
f 2//1 1//2 10//3 11//4
f 7//5 6//6 15//7 16//8
f 5//9 4//10 13//11 14//12
f 3//13 2//1 11//4 12//14
f 1//2 9//15 10//3
f 8//16 7//5 16//8
f 6//6 5//9 14//12 15//7
f 4//10 3//13 12//14 13//11
f 14//12 13//11 20//17 21//18
f 12//14 11//4 18//19 19//20
f 10//3 9//15 17//21
f 8//16 16//8 23//22
f 15//7 14//12 21//18 22//23
f 13//11 12//14 19//20 20//17
f 11//4 10//3 17//21 18//19
f 16//8 15//7 22//23 23//22
f 8//16 23//22 30//24
f 22//23 21//18 28//25 29//26
f 20//17 19//20 26//27 27//28
f 18//19 17//21 24//29 25//30
f 23//22 22//23 29//26 30//24
f 21//18 20//17 27//28 28//25
f 19//20 18//19 25//30 26//27
f 17//21 9//15 24//29
f 27//28 26//27 33//31 34//32
f 25//30 24//29 31//33 32//34
f 30//24 29//26 36//35 37//36
f 28//25 27//28 34//32 35//37
f 26//27 25//30 32//34 33//31
f 24//29 9//15 31//33
f 8//16 30//24 37//36
f 29//26 28//25 35//37 36//35
f 37//36 36//35 43//38 44//39
f 35//37 34//32 41//40 42//41
f 33//31 32//34 39//42 40//43
f 31//33 9//15 38//44
f 8//16 37//36 44//39
f 36//35 35//37 42//41 43//38
f 34//32 33//31 40//43 41//40
f 32//34 31//33 38//44 39//42
f 40//43 39//42 46//45 47//46
f 38//44 9//15 45//47
f 8//16 44//39 51//48
f 43//38 42//41 49//49 50//50
f 41//40 40//43 47//46 48//51
f 39//42 38//44 45//47 46//45
f 44//39 43//38 50//50 51//48
f 42//41 41//40 48//51 49//49
f 8//16 51//48 58//52
f 50//50 49//49 56//53 57//54
f 48//51 47//46 54//55 55//56
f 46//45 45//47 52//57 53//58
f 51//48 50//50 57//54 58//52
f 49//49 48//51 55//56 56//53
f 47//46 46//45 53//58 54//55
f 45//47 9//15 52//57
f 53//58 52//57 59//59 60//60
f 58//52 57//54 64//61 65//62
f 56//53 55//56 62//63 63//64
f 54//55 53//58 60//60 61//65
f 52//57 9//15 59//59
f 8//16 58//52 65//62
f 57//54 56//53 63//64 64//61
f 55//56 54//55 61//65 62//63
f 65//62 64//61 71//66 72//67
f 63//64 62//63 69//68 70//69
f 61//65 60//60 67//70 68//71
f 59//59 9//15 66//72
f 8//16 65//62 72//67
f 64//61 63//64 70//69 71//66
f 62//63 61//65 68//71 69//68
f 60//60 59//59 66//72 67//70
f 66//72 9//15 73//73
f 8//16 72//67 79//74
f 71//66 70//69 77//75 78//76
f 69//68 68//71 75//77 76//78
f 67//70 66//72 73//73 74//79
f 72//67 71//66 78//76 79//74
f 70//69 69//68 76//78 77//75
f 68//71 67//70 74//79 75//77
f 78//76 77//75 84//80 85//81
f 76//78 75//77 82//82 83//83
f 74//79 73//73 80//84 81//85
f 79//74 78//76 85//81 86//86
f 77//75 76//78 83//83 84//80
f 75//77 74//79 81//85 82//82
f 73//73 9//15 80//84
f 8//16 79//74 86//86
f 86//86 85//81 92//87 93//88
f 84//80 83//83 90//89 91//90
f 82//82 81//85 88//91 89//92
f 80//84 9//15 87//93
f 8//16 86//86 93//88
f 85//81 84//80 91//90 92//87
f 83//83 82//82 89//92 90//89
f 81//85 80//84 87//93 88//91
f 91//90 90//89 97//94 98//95
f 89//92 88//91 95//96 96//97
f 87//93 9//15 94//98
f 8//16 93//88 100//99
f 92//87 91//90 98//95 99//100
f 90//89 89//92 96//97 97//94
f 88//91 87//93 94//98 95//96
f 93//88 92//87 99//100 100//99
f 8//16 100//99 107//101
f 99//100 98//95 105//102 106//103
f 97//94 96//97 103//104 104//105
f 95//96 94//98 101//106 102//107
f 100//99 99//100 106//103 107//101
f 98//95 97//94 104//105 105//102
f 96//97 95//96 102//107 103//104
f 94//98 9//15 101//106
f 104//105 103//104 110//108 111//109
f 102//107 101//106 108//110 109//111
f 107//101 106//103 113//112 114//113
f 105//102 104//105 111//109 112//114
f 103//104 102//107 109//111 110//108
f 101//106 9//15 108//110
f 8//16 107//101 114//113
f 106//103 105//102 112//114 113//112
f 114//113 113//112 6//6 7//5
f 112//114 111//109 4//10 5//9
f 110//108 109//111 2//1 3//13
f 108//110 9//15 1//2
f 8//16 114//113 7//5
f 113//112 112//114 5//9 6//6
f 111//109 110//108 3//13 4//10
f 109//111 108//110 1//2 2//1
o skirt_8_7_Cube.093
v -0.262511 1.918046 0.516477
v -0.232321 2.019197 0.486623
v -0.287427 1.933511 0.543680
v -0.257237 2.034662 0.513826
v -0.599580 1.926165 0.203122
v -0.569390 2.027316 0.173268
v -0.624497 1.941631 0.230325
v -0.594307 2.042782 0.200471
vn 0.7323 -0.0176 0.6808
vn -0.6229 0.3866 0.6801
vn -0.7323 0.0176 -0.6808
vn 0.6229 -0.3866 -0.6801
vn -0.2752 -0.9221 0.2721
vn 0.2752 0.9221 -0.2721
usemtl mmd_tools_rigid_11
s off
f 115//115 116//115 118//115 117//115
f 117//116 118//116 122//116 121//116
f 121//117 122//117 120//117 119//117
f 119//118 120//118 116//118 115//118
f 117//119 121//119 119//119 115//119
f 122//120 118//120 116//120 120//120
o skirt_8_6_Cube.092
v -0.618459 1.928274 0.188175
v -0.559256 2.023855 0.190652
v -0.652467 1.949325 0.188720
v -0.593264 2.044906 0.191197
v -0.618459 1.939714 -0.253289
v -0.559256 2.035295 -0.250813
v -0.652467 1.960765 -0.252744
v -0.593264 2.056345 -0.250267
vn -0.0000 -0.0259 0.9997
vn -0.8502 0.5263 0.0136
vn 0.0000 0.0259 -0.9997
vn 0.8502 -0.5263 -0.0136
vn -0.5264 -0.8499 -0.0220
vn 0.5264 0.8499 0.0220
usemtl mmd_tools_rigid_11
s off
f 123//121 124//121 126//121 125//121
f 125//122 126//122 130//122 129//122
f 129//123 130//123 128//123 127//123
f 127//124 128//124 124//124 123//124
f 125//125 129//125 127//125 123//125
f 130//126 126//126 124//126 128//126
o skirt_8_5_Cube.091
v -0.600090 1.944977 -0.268703
v -0.569296 2.037158 -0.233190
v -0.624591 1.963134 -0.294588
v -0.593797 2.055315 -0.259075
v -0.263020 1.953097 -0.582058
v -0.232226 2.045278 -0.546545
v -0.287521 1.971254 -0.607943
v -0.256728 2.063435 -0.572430
vn -0.7323 -0.0176 0.6808
vn -0.6125 0.4539 -0.6471
vn 0.7323 0.0176 -0.6808
vn 0.6125 -0.4539 0.6471
vn -0.2976 -0.8909 -0.3432
vn 0.2976 0.8909 0.3432
usemtl mmd_tools_rigid_11
s off
f 131//127 132//127 134//127 133//127
f 133//128 134//128 138//128 137//128
f 137//129 138//129 136//129 135//129
f 135//130 136//130 132//130 131//130
f 133//131 137//131 135//131 131//131
f 138//132 134//132 132//132 136//132
o skirt_8_4_Cube.090
v -0.239491 1.957320 -0.579848
v -0.239491 2.047000 -0.546484
v -0.239491 1.971267 -0.617337
v -0.239491 2.060947 -0.583974
v 0.239491 1.957320 -0.579848
v 0.239491 2.047000 -0.546484
v 0.239491 1.971267 -0.617337
v 0.239491 2.060947 -0.583974
vn -1.0000 0.0000 0.0000
vn 0.0000 0.3487 -0.9372
vn 1.0000 0.0000 0.0000
vn 0.0000 -0.3487 0.9372
vn 0.0000 -0.9372 -0.3487
vn 0.0000 0.9372 0.3487
usemtl mmd_tools_rigid_11
s off
f 139//133 140//133 142//133 141//133
f 141//134 142//134 146//134 145//134
f 145//135 146//135 144//135 143//135
f 143//136 144//136 140//136 139//136
f 141//137 145//137 143//137 139//137
f 146//138 142//138 140//138 144//138
o skirt_8_3_Cube.089
v 0.263020 1.953097 -0.582058
v 0.232227 2.045278 -0.546545
v 0.287521 1.971253 -0.607943
v 0.256728 2.063435 -0.572430
v 0.600090 1.944977 -0.268703
v 0.569296 2.037158 -0.233190
v 0.624591 1.963134 -0.294587
v 0.593797 2.055315 -0.259075
vn -0.7323 0.0176 -0.6808
vn 0.6125 0.4539 -0.6471
vn 0.7323 -0.0176 0.6808
vn -0.6125 -0.4539 0.6471
vn 0.2976 -0.8909 -0.3432
vn -0.2976 0.8909 0.3432
usemtl mmd_tools_rigid_11
s off
f 147//139 148//139 150//139 149//139
f 149//140 150//140 154//140 153//140
f 153//141 154//141 152//141 151//141
f 151//142 152//142 148//142 147//142
f 149//143 153//143 151//143 147//143
f 154//144 150//144 148//144 152//144
o skirt_8_2_Cube.088
v 0.618459 1.939714 -0.253289
v 0.559256 2.035295 -0.250813
v 0.652467 1.960765 -0.252744
v 0.593264 2.056345 -0.250267
v 0.618459 1.928274 0.188175
v 0.559256 2.023855 0.190652
v 0.652467 1.949325 0.188720
v 0.593264 2.044906 0.191197
vn 0.0000 0.0259 -0.9997
vn 0.8502 0.5263 0.0136
vn 0.0000 -0.0259 0.9997
vn -0.8502 -0.5263 -0.0136
vn 0.5264 -0.8499 -0.0220
vn -0.5264 0.8499 0.0220
usemtl mmd_tools_rigid_11
s off
f 155//145 156//145 158//145 157//145
f 157//146 158//146 162//146 161//146
f 161//147 162//147 160//147 159//147
f 159//148 160//148 156//148 155//148
f 157//149 161//149 159//149 155//149
f 162//150 158//150 156//150 160//150
o skirt_8_1_Cube.087
v 0.599580 1.926165 0.203122
v 0.569390 2.027316 0.173268
v 0.624497 1.941631 0.230325
v 0.594307 2.042782 0.200471
v 0.262511 1.918046 0.516477
v 0.232321 2.019197 0.486624
v 0.287427 1.933511 0.543680
v 0.257237 2.034662 0.513826
vn 0.7323 0.0176 -0.6808
vn 0.6229 0.3866 0.6801
vn -0.7323 -0.0176 0.6808
vn -0.6229 -0.3866 -0.6801
vn 0.2752 -0.9221 0.2721
vn -0.2752 0.9221 -0.2721
usemtl mmd_tools_rigid_11
s off
f 163//151 164//151 166//151 165//151
f 165//152 166//152 170//152 169//152
f 169//153 170//153 168//153 167//153
f 167//154 168//154 164//154 163//154
f 165//155 169//155 167//155 163//155
f 170//156 166//156 164//156 168//156
o skirt_8_0_Cube.086
v 0.239491 1.919579 0.514114
v 0.239491 2.021026 0.486890
v 0.239491 1.929946 0.552747
v 0.239491 2.031394 0.525523
v -0.239491 1.919579 0.514114
v -0.239491 2.021026 0.486890
v -0.239491 1.929946 0.552747
v -0.239491 2.031394 0.525523
vn 1.0000 0.0000 0.0000
vn -0.0000 0.2592 0.9658
vn -1.0000 0.0000 0.0000
vn 0.0000 -0.2592 -0.9658
vn -0.0000 -0.9658 0.2592
vn 0.0000 0.9658 -0.2592
usemtl mmd_tools_rigid_11
s off
f 171//157 172//157 174//157 173//157
f 173//158 174//158 178//158 177//158
f 177//159 178//159 176//159 175//159
f 175//160 176//160 172//160 171//160
f 173//161 177//161 175//161 171//161
f 178//162 174//162 172//162 176//162
o skirt_7_7_Cube.085
v -0.235663 2.019756 0.488756
v -0.207930 2.120610 0.461763
v -0.261405 2.034077 0.515815
v -0.233673 2.134931 0.488822
v -0.542646 2.025229 0.193815
v -0.514913 2.126084 0.166822
v -0.568388 2.039550 0.220875
v -0.540656 2.140404 0.193882
vn 0.7210 -0.0129 0.6928
vn -0.6436 0.3580 0.6765
vn -0.7210 0.0129 -0.6928
vn 0.6436 -0.3580 -0.6765
vn -0.2567 -0.9336 0.2499
vn 0.2567 0.9336 -0.2499
usemtl mmd_tools_rigid_11
s off
f 179//163 180//163 182//163 181//163
f 181//164 182//164 186//164 185//164
f 185//165 186//165 184//165 183//165
f 183//166 184//166 180//166 179//166
f 181//167 185//167 183//167 179//167
f 186//168 182//168 180//168 184//168
o skirt_7_6_Cube.084
v -0.558906 2.026242 0.181025
v -0.504166 2.122910 0.182819
v -0.593714 2.045946 0.181391
v -0.538974 2.142614 0.183185
v -0.558906 2.033938 -0.233729
v -0.504166 2.130606 -0.231936
v -0.593714 2.053643 -0.233364
v -0.538974 2.150310 -0.231570
vn 0.0000 -0.0186 0.9998
vn -0.8702 0.4926 0.0091
vn 0.0000 0.0186 -0.9998
vn 0.8702 -0.4926 -0.0091
vn -0.4927 -0.8701 -0.0161
vn 0.4927 0.8701 0.0161
usemtl mmd_tools_rigid_11
s off
f 187//169 188//169 190//169 189//169
f 189//170 190//170 194//170 193//170
f 193//171 194//171 192//171 191//171
f 191//172 192//172 188//172 187//172
f 189//173 193//173 191//173 187//173
f 194//174 190//174 188//174 192//174
o skirt_7_5_Cube.083
v -0.546478 2.037591 -0.250458
v -0.512290 2.130801 -0.213146
v -0.571011 2.056670 -0.275640
v -0.536824 2.149880 -0.238327
v -0.239495 2.043064 -0.545399
v -0.205307 2.136274 -0.508086
v -0.264028 2.062143 -0.570580
v -0.229841 2.155353 -0.533267
vn -0.7211 -0.0129 0.6928
vn -0.6133 0.4770 -0.6295
vn 0.7211 0.0129 -0.6928
vn 0.6133 -0.4770 0.6295
vn -0.3223 -0.8788 -0.3518
vn 0.3223 0.8788 0.3518
usemtl mmd_tools_rigid_11
s off
f 195//175 196//175 198//175 197//175
f 197//176 198//176 202//176 201//176
f 201//177 202//177 200//177 199//177
f 199//178 200//178 196//178 195//178
f 197//179 201//179 199//179 195//179
f 202//180 198//180 196//180 200//180
o skirt_7_4_Cube.082
v -0.218332 2.045483 -0.547121
v -0.218332 2.137269 -0.504082
v -0.218332 2.062465 -0.583337
v -0.218332 2.154251 -0.540299
v 0.218332 2.045483 -0.547121
v 0.218332 2.137269 -0.504082
v 0.218332 2.062465 -0.583337
v 0.218332 2.154251 -0.540299
vn -1.0000 0.0000 0.0000
vn 0.0000 0.4245 -0.9054
vn 1.0000 0.0000 0.0000
vn -0.0000 -0.4245 0.9054
vn 0.0000 -0.9054 -0.4245
vn -0.0000 0.9054 0.4245
usemtl mmd_tools_rigid_11
s off
f 203//181 204//181 206//181 205//181
f 205//182 206//182 210//182 209//182
f 209//183 210//183 208//183 207//183
f 207//184 208//184 204//184 203//184
f 205//185 209//185 207//185 203//185
f 210//186 206//186 204//186 208//186
o skirt_7_3_Cube.081
v 0.239495 2.043064 -0.545399
v 0.205307 2.136274 -0.508086
v 0.264028 2.062143 -0.570580
v 0.229841 2.155353 -0.533267
v 0.546478 2.037591 -0.250458
v 0.512290 2.130801 -0.213145
v 0.571011 2.056670 -0.275640
v 0.536824 2.149880 -0.238327
vn -0.7210 0.0129 -0.6928
vn 0.6133 0.4770 -0.6295
vn 0.7210 -0.0129 0.6928
vn -0.6133 -0.4770 0.6295
vn 0.3223 -0.8788 -0.3518
vn -0.3223 0.8788 0.3518
usemtl mmd_tools_rigid_11
s off
f 211//187 212//187 214//187 213//187
f 213//188 214//188 218//188 217//188
f 217//189 218//189 216//189 215//189
f 215//190 216//190 212//190 211//190
f 213//191 217//191 215//191 211//191
f 218//192 214//192 212//192 216//192
o skirt_7_2_Cube.080
v 0.558906 2.033938 -0.233729
v 0.504166 2.130606 -0.231935
v 0.593714 2.053643 -0.233364
v 0.538974 2.150310 -0.231570
v 0.558906 2.026242 0.181026
v 0.504166 2.122910 0.182819
v 0.593714 2.045946 0.181391
v 0.538974 2.142614 0.183185
vn 0.0000 0.0186 -0.9998
vn 0.8702 0.4926 0.0091
vn 0.0000 -0.0186 0.9998
vn -0.8702 -0.4926 -0.0091
vn 0.4927 -0.8701 -0.0161
vn -0.4927 0.8701 0.0161
usemtl mmd_tools_rigid_11
s off
f 219//193 220//193 222//193 221//193
f 221//194 222//194 226//194 225//194
f 225//195 226//195 224//195 223//195
f 223//196 224//196 220//196 219//196
f 221//197 225//197 223//197 219//197
f 226//198 222//198 220//198 224//198
o skirt_7_1_Cube.079
v 0.542645 2.025229 0.193815
v 0.514913 2.126084 0.166822
v 0.568388 2.039550 0.220875
v 0.540656 2.140404 0.193882
v 0.235662 2.019756 0.488756
v 0.207930 2.120610 0.461763
v 0.261405 2.034077 0.515815
v 0.233673 2.134931 0.488822
vn 0.7210 0.0129 -0.6928
vn 0.6436 0.3580 0.6765
vn -0.7210 -0.0129 0.6928
vn -0.6436 -0.3580 -0.6765
vn 0.2567 -0.9336 0.2499
vn -0.2567 0.9336 -0.2499
usemtl mmd_tools_rigid_11
s off
f 227//199 228//199 230//199 229//199
f 229//200 230//200 234//200 233//200
f 233//201 234//201 232//201 231//201
f 231//202 232//202 228//202 227//202
f 229//203 233//203 231//203 227//203
f 234//204 230//204 228//204 232//204
o skirt_7_0_Cube.078
v 0.218331 2.021207 0.486842
v 0.218331 2.122157 0.460760
v 0.218331 2.031213 0.525571
v 0.218331 2.132164 0.499489
v -0.218332 2.021207 0.486842
v -0.218332 2.122157 0.460760
v -0.218332 2.031213 0.525571
v -0.218332 2.132164 0.499489
vn 1.0000 -0.0000 0.0000
vn -0.0000 0.2502 0.9682
vn -1.0000 0.0000 0.0000
vn 0.0000 -0.2501 -0.9682
vn -0.0000 -0.9682 0.2502
vn 0.0000 0.9682 -0.2502
usemtl mmd_tools_rigid_11
s off
f 235//205 236//205 238//205 237//205
f 237//206 238//206 242//206 241//206
f 241//207 242//207 240//207 239//207
f 239//208 240//208 236//208 235//208
f 237//209 241//209 239//209 235//209
f 242//210 238//210 236//210 240//210
o skirt_6_7_Cube.077
v -0.210979 2.120832 0.462507
v -0.185133 2.220993 0.437507
v -0.237299 2.134343 0.489427
v -0.211453 2.234504 0.464427
v -0.490011 2.124306 0.187954
v -0.464165 2.224467 0.162954
v -0.516331 2.137817 0.214874
v -0.490485 2.237978 0.189875
vn 0.7128 -0.0089 0.7013
vn -0.6580 0.3378 0.6730
vn -0.7128 0.0089 -0.7013
vn 0.6580 -0.3378 -0.6730
vn -0.2429 -0.9412 0.2349
vn 0.2429 0.9412 -0.2349
usemtl mmd_tools_rigid_11
s off
f 243//211 244//211 246//211 245//211
f 245//212 246//212 250//212 249//212
f 249//213 250//213 248//213 247//213
f 247//214 248//214 244//214 243//214
f 245//215 249//215 247//215 243//215
f 250//216 246//216 244//216 248//216
o skirt_6_6_Cube.076
v -0.504086 2.124320 0.177593
v -0.452581 2.221611 0.178824
v -0.539439 2.143033 0.177830
v -0.487934 2.240323 0.179061
v -0.504086 2.129203 -0.208335
v -0.452581 2.226494 -0.207104
v -0.539438 2.147916 -0.208098
v -0.487933 2.245206 -0.206867
vn -0.0000 -0.0127 0.9999
vn -0.8838 0.4678 0.0059
vn 0.0000 0.0127 -0.9999
vn 0.8838 -0.4678 -0.0059
vn -0.4678 -0.8837 -0.0112
vn 0.4678 0.8837 0.0112
usemtl mmd_tools_rigid_11
s off
f 251//217 252//217 254//217 253//217
f 253//218 254//218 258//218 257//218
f 257//219 258//219 256//219 255//219
f 255//220 256//220 252//220 251//220
f 253//221 257//221 255//221 251//221
f 258//222 254//222 252//222 256//222
o skirt_6_5_Cube.075
v -0.496587 2.131366 -0.225352
v -0.459426 2.225556 -0.186393
v -0.521070 2.151214 -0.249983
v -0.483909 2.245403 -0.211024
v -0.217555 2.134840 -0.499905
v -0.180394 2.229030 -0.460946
v -0.242038 2.154688 -0.524536
v -0.204877 2.248877 -0.485577
vn -0.7128 -0.0089 0.7013
vn -0.6121 0.4962 -0.6158
vn 0.7128 0.0089 -0.7013
vn 0.6121 -0.4962 0.6158
vn -0.3425 -0.8682 -0.3591
vn 0.3425 0.8682 0.3591
usemtl mmd_tools_rigid_11
s off
f 259//223 260//223 262//223 261//223
f 261//224 262//224 266//224 265//224
f 265//225 266//225 264//225 263//225
f 263//226 264//226 260//226 259//226
f 261//227 265//227 263//227 259//227
f 266//228 262//228 260//228 264//228
o skirt_6_4_Cube.074
v -0.198492 2.136142 -0.504655
v -0.198492 2.229304 -0.453554
v -0.198492 2.155378 -0.539726
v -0.198492 2.248541 -0.488625
v 0.198492 2.136142 -0.504655
v 0.198492 2.229304 -0.453554
v 0.198492 2.155378 -0.539726
v 0.198492 2.248541 -0.488625
vn -1.0000 0.0000 0.0000
vn 0.0000 0.4809 -0.8768
vn 1.0000 -0.0000 0.0000
vn -0.0000 -0.4809 0.8768
vn 0.0000 -0.8768 -0.4809
vn -0.0000 0.8768 0.4809
usemtl mmd_tools_rigid_11
s off
f 267//229 268//229 270//229 269//229
f 269//230 270//230 274//230 273//230
f 273//231 274//231 272//231 271//231
f 271//232 272//232 268//232 267//232
f 269//233 273//233 271//233 267//233
f 274//234 270//234 268//234 272//234
o skirt_6_3_Cube.073
v 0.217555 2.134840 -0.499905
v 0.180394 2.229030 -0.460946
v 0.242038 2.154688 -0.524536
v 0.204877 2.248877 -0.485577
v 0.496587 2.131366 -0.225352
v 0.459426 2.225556 -0.186393
v 0.521070 2.151214 -0.249983
v 0.483909 2.245403 -0.211024
vn -0.7128 0.0089 -0.7013
vn 0.6121 0.4962 -0.6158
vn 0.7128 -0.0089 0.7013
vn -0.6121 -0.4962 0.6158
vn 0.3425 -0.8682 -0.3591
vn -0.3425 0.8682 0.3591
usemtl mmd_tools_rigid_11
s off
f 275//235 276//235 278//235 277//235
f 277//236 278//236 282//236 281//236
f 281//237 282//237 280//237 279//237
f 279//238 280//238 276//238 275//238
f 277//239 281//239 279//239 275//239
f 282//240 278//240 276//240 280//240
o skirt_6_2_Cube.072
v 0.504086 2.129203 -0.208335
v 0.452581 2.226494 -0.207104
v 0.539439 2.147916 -0.208098
v 0.487934 2.245206 -0.206867
v 0.504086 2.124320 0.177593
v 0.452581 2.221611 0.178824
v 0.539438 2.143033 0.177830
v 0.487933 2.240323 0.179061
vn 0.0000 0.0127 -0.9999
vn 0.8838 0.4678 0.0059
vn -0.0000 -0.0127 0.9999
vn -0.8838 -0.4678 -0.0059
vn 0.4678 -0.8837 -0.0112
vn -0.4678 0.8837 0.0112
usemtl mmd_tools_rigid_11
s off
f 283//241 284//241 286//241 285//241
f 285//242 286//242 290//242 289//242
f 289//243 290//243 288//243 287//243
f 287//244 288//244 284//244 283//244
f 285//245 289//245 287//245 283//245
f 290//246 286//246 284//246 288//246
o skirt_6_1_Cube.071
v 0.490010 2.124306 0.187954
v 0.464165 2.224467 0.162954
v 0.516331 2.137817 0.214874
v 0.490485 2.237978 0.189875
v 0.210978 2.120832 0.462507
v 0.185133 2.220993 0.437507
v 0.237299 2.134343 0.489427
v 0.211453 2.234504 0.464427
vn 0.7128 0.0089 -0.7013
vn 0.6580 0.3378 0.6730
vn -0.7128 -0.0089 0.7013
vn -0.6580 -0.3378 -0.6730
vn 0.2429 -0.9412 0.2349
vn -0.2429 0.9412 -0.2349
usemtl mmd_tools_rigid_11
s off
f 291//247 292//247 294//247 293//247
f 293//248 294//248 298//248 297//248
f 297//249 298//249 296//249 295//249
f 295//250 296//250 292//250 291//250
f 293//251 297//251 295//251 291//251
f 298//252 294//252 292//252 296//252
o skirt_6_0_Cube.070
v 0.198492 2.122218 0.460745
v 0.198492 2.222267 0.435228
v 0.198492 2.132103 0.499504
v 0.198492 2.232152 0.473987
v -0.198493 2.122218 0.460745
v -0.198493 2.222267 0.435228
v -0.198493 2.132103 0.499504
v -0.198493 2.232152 0.473987
vn 1.0000 0.0000 0.0000
vn -0.0000 0.2471 0.9690
vn -1.0000 0.0000 0.0000
vn 0.0000 -0.2471 -0.9690
vn -0.0000 -0.9690 0.2471
vn 0.0000 0.9690 -0.2471
usemtl mmd_tools_rigid_11
s off
f 299//253 300//253 302//253 301//253
f 301//254 302//254 306//254 305//254
f 305//255 306//255 304//255 303//255
f 303//256 304//256 300//256 299//256
f 301//257 305//257 303//257 299//257
f 306//258 302//258 300//258 304//258
o skirt_5_7_Cube.069
v -0.187992 2.220859 0.437127
v -0.163384 2.319910 0.413307
v -0.214666 2.233928 0.463916
v -0.190058 2.332979 0.440096
v -0.440582 2.222890 0.184627
v -0.415974 2.321941 0.160807
v -0.467257 2.235960 0.211416
v -0.442649 2.335011 0.187596
vn 0.7072 -0.0057 0.7070
vn -0.6669 0.3267 0.6697
vn -0.7072 0.0057 -0.7070
vn 0.6669 -0.3267 -0.6697
vn -0.2348 -0.9451 0.2273
vn 0.2348 0.9451 -0.2273
usemtl mmd_tools_rigid_11
s off
f 307//259 308//259 310//259 309//259
f 309//260 310//260 314//260 313//260
f 313//261 314//261 312//261 311//261
f 311//262 312//262 308//262 307//262
f 309//263 313//263 311//263 307//263
f 314//264 310//264 308//264 312//264
o skirt_5_6_Cube.068
v -0.452808 2.222047 0.176857
v -0.403385 2.319398 0.177640
v -0.488475 2.240153 0.177003
v -0.439052 2.337504 0.177786
v -0.452808 2.224903 -0.178257
v -0.403385 2.322254 -0.177473
v -0.488475 2.243010 -0.178111
v -0.439052 2.340361 -0.177328
vn 0.0000 -0.0080 1.0000
vn -0.8917 0.4527 0.0036
vn 0.0000 0.0080 -1.0000
vn 0.8917 -0.4527 -0.0036
vn -0.4527 -0.8916 -0.0072
vn 0.4527 0.8916 0.0072
usemtl mmd_tools_rigid_11
s off
f 315//265 316//265 318//265 317//265
f 317//266 318//266 322//266 321//266
f 321//267 322//267 320//267 319//267
f 319//268 320//268 316//268 315//268
f 317//269 321//269 319//269 315//269
f 322//270 318//270 316//270 320//270
o skirt_5_5_Cube.067
v -0.449284 2.225808 -0.194717
v -0.409594 2.320574 -0.154251
v -0.473636 2.246340 -0.218913
v -0.433947 2.341105 -0.178447
v -0.196694 2.227839 -0.447217
v -0.157004 2.322605 -0.406751
v -0.221046 2.248371 -0.471413
v -0.181356 2.343137 -0.430947
vn -0.7072 -0.0057 0.7070
vn -0.6088 0.5133 -0.6049
vn 0.7072 0.0057 -0.7070
vn 0.6088 -0.5133 0.6049
vn -0.3594 -0.8582 -0.3665
vn 0.3594 0.8582 0.3665
usemtl mmd_tools_rigid_11
s off
f 323//271 324//271 326//271 325//271
f 325//272 326//272 330//272 329//272
f 329//273 330//273 328//273 327//273
f 327//274 328//274 324//274 323//274
f 325//275 329//275 327//275 323//275
f 330//276 326//276 324//276 328//276
o skirt_5_4_Cube.066
v -0.179596 2.228464 -0.454042
v -0.179596 2.322272 -0.396491
v -0.179596 2.249381 -0.488137
v -0.179596 2.343189 -0.430586
v 0.179596 2.228464 -0.454042
v 0.179596 2.322272 -0.396491
v 0.179596 2.249381 -0.488137
v 0.179596 2.343189 -0.430586
vn -1.0000 0.0000 0.0000
vn 0.0000 0.5229 -0.8524
vn 1.0000 0.0000 0.0000
vn -0.0000 -0.5229 0.8524
vn 0.0000 -0.8524 -0.5229
vn -0.0000 0.8524 0.5229
usemtl mmd_tools_rigid_11
s off
f 331//277 332//277 334//277 333//277
f 333//278 334//278 338//278 337//278
f 337//279 338//279 336//279 335//279
f 335//280 336//280 332//280 331//280
f 333//281 337//281 335//281 331//281
f 338//282 334//282 332//282 336//282
o skirt_5_3_Cube.065
v 0.196694 2.227839 -0.447217
v 0.157004 2.322605 -0.406751
v 0.221046 2.248371 -0.471413
v 0.181356 2.343137 -0.430947
v 0.449284 2.225808 -0.194717
v 0.409594 2.320574 -0.154251
v 0.473636 2.246340 -0.218913
v 0.433947 2.341105 -0.178447
vn -0.7072 0.0057 -0.7070
vn 0.6088 0.5133 -0.6049
vn 0.7072 -0.0057 0.7070
vn -0.6088 -0.5133 0.6049
vn 0.3594 -0.8582 -0.3665
vn -0.3594 0.8582 0.3665
usemtl mmd_tools_rigid_11
s off
f 339//283 340//283 342//283 341//283
f 341//284 342//284 346//284 345//284
f 345//285 346//285 344//285 343//285
f 343//286 344//286 340//286 339//286
f 341//287 345//287 343//287 339//287
f 346//288 342//288 340//288 344//288
o skirt_5_2_Cube.064
v 0.452808 2.224903 -0.178257
v 0.403385 2.322254 -0.177473
v 0.488475 2.243010 -0.178111
v 0.439052 2.340361 -0.177328
v 0.452808 2.222047 0.176857
v 0.403385 2.319398 0.177640
v 0.488475 2.240153 0.177003
v 0.439052 2.337504 0.177786
vn -0.0000 0.0080 -1.0000
vn 0.8917 0.4527 0.0036
vn 0.0000 -0.0080 1.0000
vn -0.8917 -0.4527 -0.0036
vn 0.4527 -0.8916 -0.0072
vn -0.4527 0.8916 0.0072
usemtl mmd_tools_rigid_11
s off
f 347//289 348//289 350//289 349//289
f 349//290 350//290 354//290 353//290
f 353//291 354//291 352//291 351//291
f 351//292 352//292 348//292 347//292
f 349//293 353//293 351//293 347//293
f 354//294 350//294 348//294 352//294
o skirt_5_1_Cube.063
v 0.440582 2.222890 0.184627
v 0.415974 2.321941 0.160807
v 0.467257 2.235960 0.211416
v 0.442649 2.335011 0.187596
v 0.187991 2.220859 0.437127
v 0.163383 2.319910 0.413307
v 0.214666 2.233928 0.463916
v 0.190058 2.332979 0.440096
vn 0.7072 0.0057 -0.7070
vn 0.6669 0.3267 0.6697
vn -0.7072 -0.0057 0.7070
vn -0.6669 -0.3267 -0.6697
vn 0.2348 -0.9451 0.2273
vn -0.2348 0.9451 -0.2273
usemtl mmd_tools_rigid_11
s off
f 355//295 356//295 358//295 357//295
f 357//296 358//296 362//296 361//296
f 361//297 362//297 360//297 359//297
f 359//298 360//298 356//298 355//298
f 357//299 361//299 359//299 355//299
f 362//300 358//300 356//300 360//300
o skirt_5_0_Cube.062
v 0.179596 2.222203 0.435244
v 0.179596 2.320946 0.409716
v 0.179596 2.232215 0.473971
v 0.179596 2.330958 0.448442
v -0.179596 2.222203 0.435244
v -0.179596 2.320946 0.409716
v -0.179596 2.232215 0.473971
v -0.179596 2.330958 0.448442
vn 1.0000 0.0000 0.0000
vn -0.0000 0.2503 0.9682
vn -1.0000 0.0000 0.0000
vn 0.0000 -0.2503 -0.9682
vn -0.0000 -0.9682 0.2503
vn 0.0000 0.9682 -0.2503
usemtl mmd_tools_rigid_11
s off
f 363//301 364//301 366//301 365//301
f 365//302 366//302 370//302 369//302
f 369//303 370//303 368//303 367//303
f 367//304 368//304 364//304 363//304
f 365//305 369//305 367//305 363//305
f 370//306 366//306 364//306 368//306
o skirt_4_7_Cube.061
v -0.166231 2.319422 0.412025
v -0.142151 2.416936 0.388611
v -0.193064 2.332448 0.438677
v -0.168984 2.429962 0.415262
v -0.393251 2.320476 0.182942
v -0.369170 2.417990 0.159527
v -0.420084 2.333502 0.209594
v -0.396004 2.431016 0.186179
vn 0.7039 -0.0033 0.7103
vn -0.6708 0.3256 0.6663
vn -0.7039 0.0033 -0.7103
vn 0.6708 -0.3256 -0.6663
vn -0.2335 -0.9455 0.2270
vn 0.2335 0.9455 -0.2270
usemtl mmd_tools_rigid_11
s off
f 371//307 372//307 374//307 373//307
f 373//308 374//308 378//308 377//308
f 377//309 378//309 376//309 375//309
f 375//310 376//310 372//310 371//310
f 373//311 377//311 375//311 371//311
f 378//312 374//312 372//312 376//312
o skirt_4_6_Cube.060
v -0.403903 2.318953 0.177813
v -0.355450 2.415716 0.178258
v -0.439670 2.336862 0.177895
v -0.391217 2.433625 0.178341
v -0.403903 2.320437 -0.144665
v -0.355450 2.417200 -0.144220
v -0.439669 2.338346 -0.144583
v -0.391217 2.435109 -0.144137
vn -0.0000 -0.0046 1.0000
vn -0.8942 0.4477 0.0021
vn 0.0000 0.0046 -1.0000
vn 0.8942 -0.4477 -0.0021
vn -0.4477 -0.8942 -0.0041
vn 0.4477 0.8942 0.0041
usemtl mmd_tools_rigid_11
s off
f 379//313 380//313 382//313 381//313
f 381//314 382//314 386//314 385//314
f 385//315 386//315 384//315 383//315
f 383//316 384//316 380//316 379//316
f 381//317 385//317 383//317 379//317
f 386//318 382//318 380//318 384//318
o skirt_4_5_Cube.059
v -0.403426 2.320376 -0.159871
v -0.361674 2.415083 -0.118060
v -0.427580 2.341549 -0.183710
v -0.385828 2.436256 -0.141899
v -0.176406 2.321430 -0.388955
v -0.134654 2.416137 -0.347143
v -0.200560 2.342603 -0.412794
v -0.158808 2.437310 -0.370982
vn -0.7039 -0.0033 0.7103
vn -0.6038 0.5293 -0.5960
vn 0.7039 0.0033 -0.7103
vn 0.6038 -0.5293 0.5960
vn -0.3740 -0.8484 -0.3746
vn 0.3740 0.8484 0.3746
usemtl mmd_tools_rigid_11
s off
f 387//319 388//319 390//319 389//319
f 389//320 390//320 394//320 393//320
f 393//321 394//321 392//321 391//321
f 391//322 392//322 388//322 387//322
f 389//323 393//323 391//323 387//323
f 394//324 390//324 388//324 392//324
o skirt_4_4_Cube.058
v -0.161278 2.321648 -0.396889
v -0.161278 2.415373 -0.334502
v -0.161278 2.343813 -0.430187
v -0.161278 2.437538 -0.367799
v 0.161278 2.321648 -0.396889
v 0.161278 2.415373 -0.334502
v 0.161278 2.343813 -0.430187
v 0.161278 2.437538 -0.367799
vn -1.0000 0.0000 0.0000
vn 0.0000 0.5541 -0.8324
vn 1.0000 0.0000 0.0000
vn 0.0000 -0.5541 0.8324
vn 0.0000 -0.8324 -0.5541
vn -0.0000 0.8324 0.5541
usemtl mmd_tools_rigid_11
s off
f 395//325 396//325 398//325 397//325
f 397//326 398//326 402//326 401//326
f 401//327 402//327 400//327 399//327
f 399//328 400//328 396//328 395//328
f 397//329 401//329 399//329 395//329
f 402//330 398//330 396//330 400//330
o skirt_4_3_Cube.057
v 0.176406 2.321430 -0.388955
v 0.134654 2.416137 -0.347143
v 0.200560 2.342603 -0.412794
v 0.158808 2.437310 -0.370982
v 0.403426 2.320376 -0.159871
v 0.361674 2.415083 -0.118060
v 0.427580 2.341549 -0.183710
v 0.385828 2.436256 -0.141899
vn -0.7039 0.0033 -0.7103
vn 0.6038 0.5293 -0.5960
vn 0.7039 -0.0033 0.7103
vn -0.6038 -0.5293 0.5960
vn 0.3740 -0.8484 -0.3746
vn -0.3740 0.8484 0.3746
usemtl mmd_tools_rigid_11
s off
f 403//331 404//331 406//331 405//331
f 405//332 406//332 410//332 409//332
f 409//333 410//333 408//333 407//333
f 407//334 408//334 404//334 403//334
f 405//335 409//335 407//335 403//335
f 410//336 406//336 404//336 408//336
o skirt_4_2_Cube.056
v 0.403903 2.320437 -0.144665
v 0.355450 2.417200 -0.144220
v 0.439670 2.338346 -0.144583
v 0.391217 2.435109 -0.144137
v 0.403903 2.318953 0.177813
v 0.355450 2.415716 0.178258
v 0.439669 2.336862 0.177895
v 0.391217 2.433625 0.178341
vn 0.0000 0.0046 -1.0000
vn 0.8942 0.4477 0.0021
vn 0.0000 -0.0046 1.0000
vn -0.8942 -0.4477 -0.0021
vn 0.4477 -0.8942 -0.0041
vn -0.4477 0.8942 0.0041
usemtl mmd_tools_rigid_11
s off
f 411//337 412//337 414//337 413//337
f 413//338 414//338 418//338 417//338
f 417//339 418//339 416//339 415//339
f 415//340 416//340 412//340 411//340
f 413//341 417//341 415//341 411//341
f 418//342 414//342 412//342 416//342
o skirt_4_1_Cube.055
v 0.393251 2.320476 0.182942
v 0.369170 2.417990 0.159527
v 0.420084 2.333502 0.209594
v 0.396004 2.431016 0.186179
v 0.166231 2.319422 0.412025
v 0.142150 2.416936 0.388611
v 0.193064 2.332448 0.438677
v 0.168984 2.429962 0.415262
vn 0.7039 0.0033 -0.7103
vn 0.6708 0.3256 0.6663
vn -0.7039 -0.0033 0.7103
vn -0.6708 -0.3256 -0.6663
vn 0.2335 -0.9455 0.2270
vn -0.2335 0.9455 -0.2270
usemtl mmd_tools_rigid_11
s off
f 419//343 420//343 422//343 421//343
f 421//344 422//344 426//344 425//344
f 425//345 426//345 424//345 423//345
f 423//346 424//346 420//346 419//346
f 421//347 425//347 423//347 419//347
f 426//348 422//348 420//348 424//348
o skirt_4_0_Cube.054
v 0.161278 2.320754 0.409766
v 0.161278 2.417787 0.383648
v 0.161278 2.331151 0.448392
v 0.161278 2.428184 0.422274
v -0.161278 2.320754 0.409766
v -0.161278 2.417787 0.383648
v -0.161278 2.331151 0.448392
v -0.161278 2.428184 0.422274
vn 1.0000 -0.0000 0.0000
vn 0.0000 0.2599 0.9656
vn -1.0000 0.0000 0.0000
vn 0.0000 -0.2599 -0.9656
vn -0.0000 -0.9656 0.2599
vn 0.0000 0.9656 -0.2599
usemtl mmd_tools_rigid_11
s off
f 427//349 428//349 430//349 429//349
f 429//350 430//350 434//350 433//350
f 433//351 434//351 432//351 431//351
f 431//352 432//352 428//352 427//352
f 429//353 433//353 431//353 427//353
f 434//354 430//354 428//354 432//354
o skirt_3_7_Cube.053
v -0.145228 2.416105 0.386631
v -0.120912 2.511643 0.362876
v -0.172053 2.429514 0.413100
v -0.147737 2.525053 0.389345
v -0.346897 2.416558 0.182023
v -0.322581 2.512097 0.158267
v -0.373722 2.429967 0.208492
v -0.349405 2.525506 0.184736
vn 0.7020 -0.0016 0.7122
vn -0.6706 0.3352 0.6617
vn -0.7020 0.0016 -0.7122
vn 0.6706 -0.3352 -0.6617
vn -0.2398 -0.9421 0.2343
vn 0.2398 0.9421 -0.2343
usemtl mmd_tools_rigid_11
s off
f 435//355 436//355 438//355 437//355
f 437//356 438//356 442//356 441//356
f 441//357 442//357 440//357 439//357
f 439//358 440//358 436//358 435//358
f 437//359 441//359 439//359 435//359
f 442//360 438//360 436//360 440//360
o skirt_3_6_Cube.052
v -0.356217 2.414558 0.179466
v -0.307649 2.510021 0.179677
v -0.391869 2.432696 0.179506
v -0.343300 2.528159 0.179717
v -0.356217 2.415196 -0.108743
v -0.307649 2.510659 -0.108532
v -0.391869 2.433334 -0.108703
v -0.343300 2.528797 -0.108491
vn 0.0000 -0.0022 1.0000
vn -0.8913 0.4535 0.0010
vn 0.0000 0.0022 -1.0000
vn 0.8913 -0.4535 -0.0010
vn -0.4535 -0.8913 -0.0020
vn 0.4535 0.8913 0.0020
usemtl mmd_tools_rigid_11
s off
f 443//361 444//361 446//361 445//361
f 445//362 446//362 450//362 449//362
f 449//363 450//363 448//363 447//363
f 447//364 448//364 444//364 443//364
f 445//365 449//365 447//365 443//365
f 450//366 446//366 444//366 448//366
o skirt_3_5_Cube.051
v -0.357867 2.414487 -0.122110
v -0.314524 2.508364 -0.079181
v -0.381779 2.436283 -0.145630
v -0.338435 2.530160 -0.102701
v -0.156198 2.414940 -0.326718
v -0.112855 2.508817 -0.283789
v -0.180110 2.436736 -0.350238
v -0.136766 2.530613 -0.307309
vn -0.7020 -0.0016 0.7122
vn -0.5978 0.5449 -0.5880
vn 0.7020 0.0016 -0.7122
vn 0.5978 -0.5449 0.5880
vn -0.3871 -0.8385 -0.3834
vn 0.3871 0.8385 0.3834
usemtl mmd_tools_rigid_11
s off
f 451//367 452//367 454//367 453//367
f 453//368 454//368 458//368 457//368
f 457//369 458//369 456//369 455//369
f 455//370 456//370 452//370 451//370
f 453//371 457//371 455//371 451//371
f 458//372 454//372 452//372 456//372
o skirt_3_4_Cube.050
v -0.143185 2.414919 -0.334813
v -0.143185 2.507830 -0.269201
v -0.143185 2.437993 -0.367487
v -0.143185 2.530904 -0.301875
v 0.143185 2.414919 -0.334813
v 0.143185 2.507830 -0.269201
v 0.143185 2.437993 -0.367487
v 0.143185 2.530904 -0.301875
vn -1.0000 -0.0000 0.0000
vn 0.0000 0.5768 -0.8169
vn 1.0000 0.0000 0.0000
vn -0.0000 -0.5768 0.8169
vn 0.0000 -0.8169 -0.5768
vn -0.0000 0.8168 0.5769
usemtl mmd_tools_rigid_11
s off
f 459//373 460//373 462//373 461//373
f 461//374 462//374 466//374 465//374
f 465//375 466//375 464//375 463//375
f 463//376 464//376 460//376 459//376
f 461//377 465//377 463//377 459//377
f 466//378 462//378 460//378 464//378
o skirt_3_3_Cube.049
v 0.156198 2.414940 -0.326718
v 0.112855 2.508817 -0.283789
v 0.180110 2.436736 -0.350238
v 0.136766 2.530613 -0.307309
v 0.357867 2.414487 -0.122110
v 0.314524 2.508364 -0.079181
v 0.381779 2.436283 -0.145630
v 0.338435 2.530160 -0.102701
vn -0.7020 0.0016 -0.7122
vn 0.5978 0.5449 -0.5880
