# Blender v2.79 (sub 0) OBJ File: 'MMD2.pmd'
# www.blender.org
mtllib MMD2.mtl
o スカート_4_7_Cube.040
v -0.331505 1.361653 0.621022
v -0.286895 1.601943 0.560247
v -0.354089 1.373627 0.651789
v -0.309478 1.613918 0.591014
v -0.767357 1.361653 0.301095
v -0.722746 1.601943 0.240320
v -0.789940 1.373627 0.331862
v -0.745330 1.613918 0.271087
vn 0.8061 0.0000 0.5917
vn -0.5646 0.2994 0.7692
vn -0.8061 -0.0000 -0.5917
vn 0.5646 -0.2994 -0.7692
vn -0.1771 -0.9541 0.2413
vn 0.1771 0.9541 -0.2413
usemtl mmd_tools_rigid_2
s off
f 1//1 2//1 4//1 3//1
f 3//2 4//2 8//2 7//2
f 7//3 8//3 6//3 5//3
f 5//4 6//4 2//4 1//4
f 3//5 7//5 5//5 1//5
f 8//6 4//6 2//6 6//6
o スカート_4_6_Cube.039
v -0.780959 1.361666 0.299118
v -0.703834 1.601666 0.299118
v -0.819041 1.373904 0.299118
v -0.741916 1.613904 0.299118
v -0.780959 1.361666 -0.210783
v -0.703834 1.601666 -0.210783
v -0.819041 1.373904 -0.210783
v -0.741916 1.613904 -0.210783
vn 0.0000 0.0000 1.0000
vn -0.9520 0.3059 0.0000
vn 0.0000 0.0000 -1.0000
vn 0.9520 -0.3059 -0.0000
vn -0.3059 -0.9520 0.0000
vn 0.3059 0.9520 -0.0000
usemtl mmd_tools_rigid_2
s off
f 9//7 10//7 12//7 11//7
f 11//8 12//8 16//8 15//8
f 15//9 16//9 14//9 13//9
f 13//10 14//10 10//10 9//10
f 11//11 15//11 13//11 9//11
f 16//12 12//12 10//12 14//12
o スカート_4_5_Cube.038
v -0.772458 1.361213 -0.241065
v -0.719979 1.601226 -0.176231
v -0.796229 1.374344 -0.270433
v -0.743751 1.614357 -0.205600
v -0.333084 1.361213 -0.596707
v -0.280606 1.601226 -0.531873
v -0.356856 1.374344 -0.626075
v -0.304377 1.614357 -0.561241
vn -0.7773 0.0000 0.6292
vn -0.5943 0.3283 -0.7342
vn 0.7773 -0.0000 -0.6292
vn 0.5943 -0.3283 0.7342
vn -0.2065 -0.9446 -0.2552
vn 0.2065 0.9446 0.2552
usemtl mmd_tools_rigid_2
s off
f 17//13 18//13 20//13 19//13
f 19//14 20//14 24//14 23//14
f 23//15 24//15 22//15 21//15
f 21//16 22//16 18//16 17//16
f 19//17 23//17 21//17 17//17
f 24//18 20//18 18//18 22//18
o スカート_4_4_Cube.037
v -0.299592 1.360809 -0.611530
v -0.299592 1.600809 -0.522204
v -0.299592 1.374762 -0.649018
v -0.299592 1.614761 -0.559692
v 0.299592 1.360809 -0.611530
v 0.299592 1.600809 -0.522204
v 0.299592 1.374762 -0.649018
v 0.299592 1.614761 -0.559692
vn -1.0000 0.0000 0.0000
vn 0.0000 0.3488 -0.9372
vn 1.0000 0.0000 0.0000
vn 0.0000 -0.3488 0.9372
vn 0.0000 -0.9372 -0.3488
vn 0.0000 0.9372 0.3488
usemtl mmd_tools_rigid_2
s off
f 25//19 26//19 28//19 27//19
f 27//20 28//20 32//20 31//20
f 31//21 32//21 30//21 29//21
f 29//22 30//22 26//22 25//22
f 27//23 31//23 29//23 25//23
f 32//24 28//24 26//24 30//24
o スカート_4_3_Cube.036
v 0.333084 1.361213 -0.596707
v 0.280606 1.601226 -0.531873
v 0.356856 1.374344 -0.626075
v 0.304377 1.614357 -0.561241
v 0.772458 1.361213 -0.241065
v 0.719979 1.601226 -0.176231
v 0.796229 1.374344 -0.270433
v 0.743751 1.614357 -0.205600
vn -0.7773 0.0000 -0.6292
vn 0.5943 0.3283 -0.7342
vn 0.7773 0.0000 0.6292
vn -0.5943 -0.3283 0.7342
vn 0.2065 -0.9446 -0.2552
vn -0.2065 0.9446 0.2552
usemtl mmd_tools_rigid_2
s off
f 33//25 34//25 36//25 35//25
f 35//26 36//26 40//26 39//26
f 39//27 40//27 38//27 37//27
f 37//28 38//28 34//28 33//28
f 35//29 39//29 37//29 33//29
f 40//30 36//30 34//30 38//30
o スカート_4_2_Cube.035
v 0.780959 1.361666 -0.210783
v 0.703834 1.601666 -0.210783
v 0.819041 1.373904 -0.210783
v 0.741916 1.613904 -0.210783
v 0.780959 1.361666 0.299118
v 0.703834 1.601666 0.299118
v 0.819041 1.373904 0.299118
v 0.741916 1.613904 0.299118
vn 0.0000 0.0000 -1.0000
vn 0.9520 0.3059 -0.0000
vn 0.0000 0.0000 1.0000
vn -0.9520 -0.3059 0.0000
vn 0.3059 -0.9520 -0.0000
vn -0.3059 0.9520 0.0000
usemtl mmd_tools_rigid_2
s off
f 41//31 42//31 44//31 43//31
f 43//32 44//32 48//32 47//32
f 47//33 48//33 46//33 45//33
f 45//34 46//34 42//34 41//34
f 43//35 47//35 45//35 41//35
f 48//36 44//36 42//36 46//36
o スカート_4_1_Cube.034
v 0.767357 1.361653 0.301095
v 0.722746 1.601943 0.240320
v 0.789940 1.373627 0.331862
v 0.745330 1.613918 0.271087
v 0.331505 1.361653 0.621022
v 0.286895 1.601943 0.560247
v 0.354089 1.373627 0.651789
v 0.309478 1.613918 0.591014
vn 0.8061 -0.0000 -0.5917
vn 0.5646 0.2994 0.7692
vn -0.8061 -0.0000 0.5917
vn -0.5646 -0.2994 -0.7692
vn 0.1771 -0.9541 0.2413
vn -0.1771 0.9541 -0.2413
usemtl mmd_tools_rigid_2
s off
f 49//37 50//37 52//37 51//37
f 51//38 52//38 56//38 55//38
f 55//39 56//39 54//39 53//39
f 53//40 54//40 50//40 49//40
f 51//41 55//41 53//41 49//41
f 56//42 52//42 50//42 54//42
o スカート_4_0_Cube.033
v 0.296443 1.361785 0.631186
v 0.296443 1.601784 0.555700
v 0.296443 1.373786 0.669343
v 0.296443 1.613786 0.593857
v -0.296443 1.361785 0.631186
v -0.296443 1.601784 0.555700
v -0.296443 1.373786 0.669343
v -0.296443 1.613786 0.593857
vn 1.0000 0.0000 0.0000
vn 0.0000 0.3000 0.9539
vn -1.0000 0.0000 0.0000
vn -0.0000 -0.3000 -0.9539
vn 0.0000 -0.9539 0.3000
vn -0.0000 0.9539 -0.3000
usemtl mmd_tools_rigid_2
s off
f 57//43 58//43 60//43 59//43
f 59//44 60//44 64//44 63//44
f 63//45 64//45 62//45 61//45
f 61//46 62//46 58//46 57//46
f 59//47 63//47 61//47 57//47
f 64//48 60//48 58//48 62//48
o スカート_3_7_Cube.032
v -0.296022 1.600974 0.549716
v -0.248239 1.841656 0.482728
v -0.318002 1.613914 0.580529
v -0.270219 1.854596 0.513541
v -0.688858 1.600974 0.269503
v -0.641075 1.841656 0.202515
v -0.710838 1.613914 0.300316
v -0.663055 1.854596 0.233328
vn 0.8141 0.0000 0.5807
vn -0.5495 0.3235 0.7703
vn -0.8141 0.0000 -0.5807
vn 0.5495 -0.3235 -0.7703
vn -0.1879 -0.9462 0.2634
vn 0.1879 0.9462 -0.2634
usemtl mmd_tools_rigid_2
s off
f 65//49 66//49 68//49 67//49
f 67//50 68//50 72//50 71//50
f 71//51 72//51 70//51 69//51
f 69//52 70//52 66//52 65//52
f 67//53 71//53 69//53 65//53
f 72//54 68//54 66//54 70//54
o スカート_3_6_Cube.031
v -0.704133 1.600803 0.268063
v -0.614723 1.840803 0.268063
v -0.741617 1.614767 0.268063
v -0.652207 1.854767 0.268063
v -0.704133 1.600803 -0.179728
v -0.614723 1.840803 -0.179728
v -0.741617 1.614767 -0.179728
v -0.652207 1.854767 -0.179728
vn 0.0000 0.0000 1.0000
vn -0.9371 0.3491 0.0000
vn 0.0000 0.0000 -1.0000
vn 0.9371 -0.3491 -0.0000
vn -0.3491 -0.9371 0.0000
vn 0.3491 0.9371 -0.0000
usemtl mmd_tools_rigid_2
s off
f 73//55 74//55 76//55 75//55
f 75//56 76//56 80//56 79//56
f 79//57 80//57 78//57 77//57
f 77//58 78//58 74//58 73//58
f 75//59 79//59 77//59 73//59
f 80//60 76//60 74//60 78//60
o スカート_3_5_Cube.030
v -0.693252 1.600716 -0.203567
v -0.638289 1.840919 -0.133212
v -0.716334 1.614651 -0.233114
v -0.661371 1.854855 -0.162759
v -0.297706 1.600716 -0.512578
v -0.242743 1.840919 -0.442223
v -0.320789 1.614651 -0.542124
v -0.265826 1.854855 -0.471770
vn -0.7880 0.0000 0.6156
vn -0.5771 0.3484 -0.7387
vn 0.7880 0.0000 -0.6156
vn 0.5771 -0.3484 0.7387
vn -0.2145 -0.9373 -0.2745
vn 0.2145 0.9373 0.2745
usemtl mmd_tools_rigid_2
s off
f 81//61 82//61 84//61 83//61
f 83//62 84//62 88//62 87//62
f 87//63 88//63 86//63 85//63
f 85//64 86//64 82//64 81//64
f 83//65 87//65 85//65 81//65
f 88//66 84//66 82//66 86//66
o スカート_3_4_Cube.029
v -0.269557 1.600746 -0.522228
v -0.269557 1.840747 -0.431992
v -0.269557 1.614824 -0.559669
v -0.269557 1.854824 -0.469433
v 0.269557 1.600746 -0.522228
v 0.269557 1.840747 -0.431992
v 0.269557 1.614824 -0.559669
v 0.269557 1.854824 -0.469433
vn -1.0000 0.0000 0.0000
vn -0.0000 0.3519 -0.9360
vn 1.0000 0.0000 0.0000
vn 0.0000 -0.3519 0.9360
vn 0.0000 -0.9360 -0.3519
vn 0.0000 0.9360 0.3519
usemtl mmd_tools_rigid_2
s off
f 89//67 90//67 92//67 91//67
f 91//68 92//68 96//68 95//68
f 95//69 96//69 94//69 93//69
f 93//70 94//70 90//70 89//70
f 91//71 95//71 93//71 89//71
f 96//72 92//72 90//72 94//72
o スカート_3_3_Cube.028
v 0.297706 1.600716 -0.512578
v 0.242743 1.840919 -0.442223
v 0.320789 1.614651 -0.542125
v 0.265825 1.854855 -0.471770
v 0.693252 1.600716 -0.203567
v 0.638289 1.840919 -0.133212
v 0.716334 1.614651 -0.233114
v 0.661371 1.854855 -0.162759
vn -0.7880 0.0000 -0.6156
vn 0.5771 0.3484 -0.7387
vn 0.7880 0.0000 0.6156
vn -0.5771 -0.3484 0.7387
vn 0.2145 -0.9373 -0.2745
vn -0.2145 0.9373 0.2745
usemtl mmd_tools_rigid_2
s off
f 97//73 98//73 100//73 99//73
f 99//74 100//74 104//74 103//74
f 103//75 104//75 102//75 101//75
f 101//76 102//76 98//76 97//76
f 99//77 103//77 101//77 97//77
f 104//78 100//78 98//78 102//78
o スカート_3_2_Cube.027
v 0.704133 1.600803 -0.179728
v 0.614723 1.840803 -0.179728
v 0.741617 1.614767 -0.179728
v 0.652207 1.854767 -0.179728
v 0.704133 1.600803 0.268063
v 0.614723 1.840803 0.268063
v 0.741617 1.614767 0.268063
v 0.652207 1.854767 0.268063
vn 0.0000 0.0000 -1.0000
vn 0.9371 0.3491 -0.0000
vn 0.0000 -0.0000 1.0000
vn -0.9371 -0.3491 0.0000
vn 0.3491 -0.9371 -0.0000
vn -0.3491 0.9371 0.0000
usemtl mmd_tools_rigid_2
s off
f 105//79 106//79 108//79 107//79
f 107//80 108//80 112//80 111//80
f 111//81 112//81 110//81 109//81
f 109//82 110//82 106//82 105//82
f 107//83 111//83 109//83 105//83
f 112//84 108//84 106//84 110//84
o スカート_3_1_Cube.026
v 0.688858 1.600974 0.269503
v 0.641075 1.841656 0.202515
v 0.710838 1.613914 0.300316
v 0.663055 1.854596 0.233328
v 0.296022 1.600974 0.549716
v 0.248239 1.841656 0.482728
v 0.318002 1.613914 0.580529
v 0.270219 1.854596 0.513541
vn 0.8141 -0.0000 -0.5807
vn 0.5495 0.3235 0.7703
vn -0.8141 0.0000 0.5807
vn -0.5495 -0.3235 -0.7703
vn 0.1879 -0.9462 0.2634
vn -0.1879 0.9462 -0.2634
usemtl mmd_tools_rigid_2
s off
f 113//85 114//85 116//85 115//85
f 115//86 116//86 120//86 119//86
f 119//87 120//87 118//87 117//87
f 117//88 118//88 114//88 113//88
f 115//89 119//89 117//89 113//89
f 120//90 116//90 114//90 118//90
o スカート_3_0_Cube.025
v 0.267127 1.601549 0.555775
v 0.267127 1.841549 0.477020
v 0.267127 1.614021 0.593781
v 0.267127 1.854021 0.515026
v -0.267127 1.601549 0.555776
v -0.267127 1.841549 0.477020
v -0.267127 1.614021 0.593782
v -0.267127 1.854021 0.515026
vn 1.0000 0.0000 0.0000
vn 0.0000 0.3118 0.9502
vn -1.0000 0.0000 0.0000
vn -0.0000 -0.3118 -0.9502
vn 0.0000 -0.9502 0.3118
vn -0.0000 0.9502 -0.3118
usemtl mmd_tools_rigid_2
s off
f 121//91 122//91 124//91 123//91
f 123//92 124//92 128//92 127//92
f 127//93 128//93 126//93 125//93
f 125//94 126//94 122//94 121//94
f 123//95 127//95 125//95 121//95
f 128//96 124//96 122//96 126//96
o スカート_2_7_Cube.024
v -0.254917 1.840220 0.476532
v -0.204109 2.081590 0.404155
v -0.276497 1.853980 0.507272
v -0.225688 2.095351 0.434895
v -0.597258 1.840220 0.236211
v -0.546449 2.081590 0.163834
v -0.618837 1.853980 0.266951
v -0.568029 2.095351 0.194574
vn 0.8185 -0.0000 0.5746
vn -0.5395 0.3440 0.7685
vn -0.8185 -0.0000 -0.5746
vn 0.5395 -0.3440 -0.7685
vn -0.1977 -0.9390 0.2816
vn 0.1977 0.9390 -0.2816
usemtl mmd_tools_rigid_2
s off
f 129//97 130//97 132//97 131//97
f 131//98 132//98 136//98 135//98
f 135//99 136//99 134//99 133//99
f 133//100 134//100 130//100 129//100
f 131//101 135//101 133//101 129//101
f 136//102 132//102 130//102 134//102
o スカート_2_6_Cube.023
v -0.615089 1.839890 0.235555
v -0.511981 2.079891 0.235555
v -0.651841 1.855680 0.235555
v -0.548732 2.095680 0.235555
v -0.615089 1.839890 -0.147220
v -0.511981 2.079891 -0.147220
v -0.651841 1.855680 -0.147220
v -0.548732 2.095680 -0.147220
vn 0.0000 0.0000 1.0000
vn -0.9188 0.3947 0.0000
vn 0.0000 -0.0000 -1.0000
vn 0.9188 -0.3947 -0.0000
vn -0.3947 -0.9188 0.0000
vn 0.3947 0.9188 -0.0000
usemtl mmd_tools_rigid_2
s off
f 137//103 138//103 140//103 139//103
f 139//104 140//104 144//104 143//104
f 143//105 144//105 142//105 141//105
f 141//106 142//106 138//106 137//106
f 139//107 143//107 141//107 137//107
f 144//108 140//108 138//108 142//108
o スカート_2_5_Cube.022
v -0.602979 1.839957 -0.166006
v -0.543978 2.080508 -0.087629
v -0.625255 1.855062 -0.195597
v -0.566254 2.095613 -0.117220
v -0.256692 1.839957 -0.426684
v -0.197691 2.080508 -0.348306
v -0.278968 1.855062 -0.456275
v -0.219967 2.095613 -0.377897
vn -0.7989 -0.0000 0.6014
vn -0.5569 0.3776 -0.7398
vn 0.7989 0.0000 -0.6014
vn 0.5569 -0.3776 0.7398
vn -0.2271 -0.9260 -0.3017
vn 0.2271 0.9260 0.3017
usemtl mmd_tools_rigid_2
s off
f 145//109 146//109 148//109 147//109
f 147//110 148//110 152//110 151//110
f 151//111 152//111 150//111 149//111
f 149//112 150//112 146//112 145//112
f 147//113 151//113 149//113 145//113
f 152//114 148//114 146//114 150//114
o スカート_2_4_Cube.021
v -0.235398 1.840382 -0.432133
v -0.235398 2.080382 -0.336494
v -0.235398 1.855189 -0.469291
v -0.235398 2.095189 -0.373652
v 0.235398 1.840382 -0.432133
v 0.235398 2.080382 -0.336494
v 0.235398 1.855189 -0.469291
v 0.235398 2.095189 -0.373652
vn -1.0000 0.0000 0.0000
vn -0.0000 0.3702 -0.9290
vn 1.0000 -0.0000 0.0000
vn 0.0000 -0.3702 0.9290
vn -0.0000 -0.9290 -0.3702
vn 0.0000 0.9290 0.3702
usemtl mmd_tools_rigid_2
s off
f 153//115 154//115 156//115 155//115
f 155//116 156//116 160//116 159//116
f 159//117 160//117 158//117 157//117
f 157//118 158//118 154//118 153//118
f 155//119 159//119 157//119 153//119
f 160//120 156//120 154//120 158//120
o スカート_2_3_Cube.020
v 0.256692 1.839957 -0.426684
v 0.197691 2.080508 -0.348306
v 0.278968 1.855062 -0.456275
v 0.219967 2.095613 -0.377897
v 0.602979 1.839957 -0.166006
v 0.543978 2.080508 -0.087629
v 0.625255 1.855062 -0.195598
v 0.566254 2.095613 -0.117220
vn -0.7989 0.0000 -0.6014
vn 0.5569 0.3776 -0.7398
vn 0.7989 0.0000 0.6014
vn -0.5569 -0.3776 0.7398
vn 0.2271 -0.9260 -0.3017
vn -0.2271 0.9260 0.3017
usemtl mmd_tools_rigid_2
s off
f 161//121 162//121 164//121 163//121
f 163//122 164//122 168//122 167//122
f 167//123 168//123 166//123 165//123
f 165//124 166//124 162//124 161//124
f 163//125 167//125 165//125 161//125
f 168//126 164//126 162//126 166//126
o スカート_2_2_Cube.019
v 0.615089 1.839890 -0.147220
v 0.511981 2.079891 -0.147220
v 0.651841 1.855680 -0.147220
v 0.548732 2.095680 -0.147220
v 0.615089 1.839890 0.235555
v 0.511981 2.079891 0.235555
v 0.651841 1.855680 0.235555
v 0.548732 2.095680 0.235555
vn 0.0000 0.0000 -1.0000
vn 0.9188 0.3947 -0.0000
vn 0.0000 0.0000 1.0000
vn -0.9188 -0.3947 0.0000
vn 0.3947 -0.9188 0.0000
vn -0.3947 0.9188 0.0000
usemtl mmd_tools_rigid_2
s off
f 169//127 170//127 172//127 171//127
f 171//128 172//128 176//128 175//128
f 175//129 176//129 174//129 173//129
f 173//130 174//130 170//130 169//130
f 171//131 175//131 173//131 169//131
f 176//132 172//132 170//132 174//132
o スカート_2_1_Cube.018
v 0.597258 1.840220 0.236211
v 0.546449 2.081590 0.163834
v 0.618837 1.853980 0.266951
v 0.568029 2.095351 0.194574
v 0.254917 1.840220 0.476532
v 0.204109 2.081590 0.404155
v 0.276497 1.853980 0.507272
v 0.225688 2.095351 0.434895
vn 0.8185 0.0000 -0.5746
vn 0.5395 0.3440 0.7685
vn -0.8185 0.0000 0.5746
vn -0.5395 -0.3440 -0.7685
vn 0.1977 -0.9390 0.2816
vn -0.1977 0.9390 -0.2816
usemtl mmd_tools_rigid_2
s off
f 177//133 178//133 180//133 179//133
f 179//134 180//134 184//134 183//134
f 183//135 184//135 182//135 181//135
f 181//136 182//136 178//136 177//136
f 179//137 183//137 181//137 177//137
f 184//138 180//138 178//138 182//138
o スカート_2_0_Cube.017
v 0.233535 1.841493 0.477039
v 0.233535 2.081493 0.397490
v 0.233535 1.854078 0.515007
v 0.233535 2.094078 0.435459
v -0.233535 1.841493 0.477039
v -0.233535 2.081493 0.397491
v -0.233535 1.854078 0.515007
v -0.233535 2.094078 0.435459
vn 1.0000 -0.0000 0.0000
vn 0.0000 0.3146 0.9492
vn -1.0000 0.0000 0.0000
vn -0.0000 -0.3146 -0.9492
vn 0.0000 -0.9492 0.3146
vn -0.0000 0.9492 -0.3146
usemtl mmd_tools_rigid_2
s off
f 185//139 186//139 188//139 187//139
f 187//140 188//140 192//140 191//140
f 191//141 192//141 190//141 189//141
f 189//142 190//142 186//142 185//142
f 187//143 191//143 189//143 185//143
f 192//144 188//144 186//144 190//144
o スカート_1_7_Cube.016
v -0.208171 2.079365 0.404281
v -0.153351 2.321700 0.327549
v -0.229841 2.093871 0.434613
v -0.175020 2.336206 0.357880
v -0.491422 2.079365 0.201918
v -0.436602 2.321700 0.125185
v -0.513092 2.093871 0.232250
v -0.458272 2.336206 0.155517
vn 0.8137 -0.0000 0.5813
vn -0.5417 0.3627 0.7583
vn -0.8137 0.0000 -0.5813
vn 0.5417 -0.3627 -0.7583
vn -0.2108 -0.9319 0.2951
vn 0.2108 0.9319 -0.2951
usemtl mmd_tools_rigid_2
s off
f 193//145 194//145 196//145 195//145
f 195//146 196//146 200//146 199//146
f 199//147 200//147 198//147 197//147
f 197//148 198//148 194//148 193//148
f 195//149 199//149 197//149 193//149
f 200//150 196//150 194//150 198//150
o スカート_1_6_Cube.015
v -0.512415 2.078948 0.201141
v -0.394194 2.318948 0.201141
v -0.548298 2.096623 0.201141
v -0.430077 2.336623 0.201141
v -0.512415 2.078948 -0.112806
v -0.394194 2.318948 -0.112806
v -0.548298 2.096623 -0.112806
v -0.430077 2.336623 -0.112806
vn 0.0000 0.0000 1.0000
vn -0.8971 0.4419 0.0000
vn 0.0000 -0.0000 -1.0000
vn 0.8971 -0.4419 -0.0000
vn -0.4419 -0.8971 0.0000
vn 0.4419 0.8971 -0.0000
usemtl mmd_tools_rigid_2
s off
f 201//151 202//151 204//151 203//151
f 203//152 204//152 208//152 207//152
f 207//153 208//153 206//153 205//153
f 205//154 206//154 202//154 201//154
f 203//155 207//155 205//155 201//155
f 208//156 204//156 202//156 206//156
o スカート_1_5_Cube.014
v -0.500087 2.078969 -0.126953
v -0.436384 2.320025 -0.037564
v -0.521214 2.095546 -0.156599
v -0.457511 2.336602 -0.067209
v -0.208932 2.078969 -0.334444
v -0.145229 2.320025 -0.245054
v -0.230059 2.095546 -0.364089
v -0.166356 2.336602 -0.274700
vn -0.8144 0.0000 0.5804
vn -0.5282 0.4144 -0.7411
vn 0.8144 -0.0000 -0.5804
vn 0.5282 -0.4144 0.7411
vn -0.2405 -0.9101 -0.3375
vn 0.2405 0.9101 0.3375
usemtl mmd_tools_rigid_2
s off
f 209//157 210//157 212//157 211//157
f 211//158 212//158 216//158 215//158
f 215//159 216//159 214//159 213//159
f 213//160 214//160 210//160 209//160
f 211//161 215//161 213//161 209//161
f 216//162 212//162 210//162 214//162
o スカート_1_4_Cube.013
v -0.196413 2.079735 -0.336765
v -0.196413 2.319735 -0.231231
v -0.196413 2.095836 -0.373381
v -0.196413 2.335836 -0.267848
v 0.196413 2.079735 -0.336765
v 0.196413 2.319735 -0.231231
v 0.196413 2.095836 -0.373381
v 0.196413 2.335836 -0.267848
vn -1.0000 0.0000 0.0000
vn 0.0000 0.4025 -0.9154
vn 1.0000 0.0000 0.0000
vn 0.0000 -0.4025 0.9154
vn -0.0000 -0.9154 -0.4025
vn 0.0000 0.9154 0.4025
usemtl mmd_tools_rigid_2
s off
f 217//163 218//163 220//163 219//163
f 219//164 220//164 224//164 223//164
f 223//165 224//165 222//165 221//165
f 221//166 222//166 218//166 217//166
f 219//167 223//167 221//167 217//167
f 224//168 220//168 218//168 222//168
o スカート_1_3_Cube.012
v 0.208932 2.078969 -0.334444
v 0.145229 2.320025 -0.245054
v 0.230059 2.095546 -0.364089
v 0.166356 2.336602 -0.274700
v 0.500087 2.078969 -0.126953
v 0.436384 2.320025 -0.037564
v 0.521214 2.095546 -0.156599
v 0.457511 2.336602 -0.067209
vn -0.8144 0.0000 -0.5804
vn 0.5282 0.4144 -0.7411
vn 0.8144 0.0000 0.5804
vn -0.5282 -0.4144 0.7411
vn 0.2405 -0.9101 -0.3375
vn -0.2405 0.9101 0.3375
usemtl mmd_tools_rigid_2
s off
f 225//169 226//169 228//169 227//169
f 227//170 228//170 232//170 231//170
f 231//171 232//171 230//171 229//171
f 229//172 230//172 226//172 225//172
f 227//173 231//173 229//173 225//173
f 232//174 228//174 226//174 230//174
o スカート_1_2_Cube.011
v 0.512415 2.078948 -0.112806
v 0.394194 2.318948 -0.112806
v 0.548298 2.096623 -0.112806
v 0.430077 2.336623 -0.112806
v 0.512415 2.078948 0.201141
v 0.394194 2.318948 0.201141
v 0.548298 2.096623 0.201141
v 0.430077 2.336623 0.201141
vn 0.0000 0.0000 -1.0000
vn 0.8971 0.4419 0.0000
vn 0.0000 0.0000 1.0000
vn -0.8971 -0.4419 0.0000
vn 0.4419 -0.8971 -0.0000
vn -0.4419 0.8971 -0.0000
usemtl mmd_tools_rigid_2
s off
f 233//175 234//175 236//175 235//175
f 235//176 236//176 240//176 239//176
f 239//177 240//177 238//177 237//177
f 237//178 238//178 234//178 233//178
f 235//179 239//179 237//179 233//179
f 240//180 236//180 234//180 238//180
o スカート_1_1_Cube.010
v 0.491422 2.079365 0.201918
v 0.436602 2.321700 0.125185
v 0.513092 2.093871 0.232250
v 0.458272 2.336206 0.155517
v 0.208171 2.079365 0.404281
v 0.153351 2.321700 0.327549
v 0.229841 2.093871 0.434613
v 0.175021 2.336206 0.357880
vn 0.8137 -0.0000 -0.5813
vn 0.5417 0.3627 0.7583
vn -0.8137 -0.0000 0.5813
vn -0.5417 -0.3627 -0.7583
vn 0.2108 -0.9319 0.2951
vn -0.2108 0.9319 -0.2951
usemtl mmd_tools_rigid_2
s off
f 241//181 242//181 244//181 243//181
f 243//182 244//182 248//182 247//182
f 247//183 248//183 246//183 245//183
f 245//184 246//184 242//184 241//184
f 243//185 247//185 245//185 241//185
f 248//186 244//186 242//186 246//186
o スカート_1_0_Cube.009
v 0.195276 2.081613 0.397451
v 0.195276 2.321613 0.319586
v 0.195276 2.093957 0.435499
v 0.195276 2.333957 0.357634
v -0.195275 2.081613 0.397451
v -0.195275 2.321613 0.319586
v -0.195275 2.093957 0.435499
v -0.195275 2.333957 0.357634
vn 1.0000 0.0000 0.0000
vn 0.0000 0.3086 0.9512
vn -1.0000 0.0000 0.0000
vn -0.0000 -0.3086 -0.9512
vn 0.0000 -0.9512 0.3086
vn -0.0000 0.9512 -0.3086
usemtl mmd_tools_rigid_2
s off
f 249//187 250//187 252//187 251//187
f 251//188 252//188 256//188 255//188
f 255//189 256//189 254//189 253//189
f 253//190 254//190 250//190 249//190
f 251//191 255//191 253//191 249//191
f 256//192 252//192 250//192 254//192
o スカート_0_7_Cube.008
v -0.157333 2.318523 0.336318
v -0.094186 2.561648 0.256965
v -0.180320 2.333922 0.365205
v -0.117173 2.577047 0.285852
v -0.370395 2.318523 0.166770
v -0.307248 2.561648 0.087417
v -0.393382 2.333922 0.195657
v -0.330235 2.577047 0.116304
vn 0.7825 0.0000 0.6227
vn -0.5747 0.3850 0.7222
vn -0.7825 0.0000 -0.6227
vn 0.5747 -0.3850 -0.7222
vn -0.2397 -0.9229 0.3012
vn 0.2397 0.9229 -0.3012
usemtl mmd_tools_rigid_2
s off
f 257//193 258//193 260//193 259//193
f 259//194 260//194 264//194 263//194
f 263//195 264//195 262//195 261//195
f 261//196 262//196 258//196 257//196
f 259//197 263//197 261//197 257//197
f 264//198 260//198 258//198 262//198
o スカート_0_6_Cube.007
v -0.394696 2.317994 0.164388
v -0.259950 2.557994 0.164388
v -0.429575 2.337576 0.164388
v -0.294829 2.577576 0.164388
v -0.394696 2.317994 -0.076052
v -0.259950 2.557994 -0.076052
v -0.429575 2.337576 -0.076052
v -0.294829 2.577576 -0.076052
vn 0.0000 0.0000 1.0000
vn -0.8720 0.4896 0.0000
vn -0.0000 -0.0000 -1.0000
vn 0.8720 -0.4896 -0.0000
vn -0.4896 -0.8720 -0.0000
vn 0.4896 0.8720 0.0000
usemtl mmd_tools_rigid_2
s off
f 265//199 266//199 268//199 267//199
f 267//200 268//200 272//200 271//200
f 271//201 272//201 270//201 269//201
f 269//202 270//202 266//202 265//202
f 267//203 271//203 269//203 265//203
f 272//204 268//204 266//204 270//204
o スカート_0_5_Cube.006
v -0.382379 2.317646 -0.086140
v -0.316802 2.559746 0.018530
v -0.401296 2.335824 -0.116335
v -0.335719 2.577924 -0.011664
v -0.151849 2.317646 -0.230568
v -0.086272 2.559746 -0.125898
v -0.170766 2.335824 -0.260763
v -0.105189 2.577924 -0.156092
vn -0.8474 0.0000 0.5309
vn -0.4729 0.4545 -0.7549
vn 0.8474 0.0000 -0.5309
vn 0.4729 -0.4545 0.7549
vn -0.2413 -0.8908 -0.3851
vn 0.2413 0.8908 0.3851
usemtl mmd_tools_rigid_2
s off
f 273//205 274//205 276//205 275//205
f 275//206 276//206 280//206 279//206
f 279//207 280//207 278//207 277//207
f 277//208 278//208 274//208 273//208
f 275//209 279//209 277//209 273//209
f 280//210 276//210 274//210 278//210
o スカート_0_4_Cube.005
v -0.151928 2.318846 -0.231649
v -0.151928 2.558846 -0.111727
v -0.151928 2.336725 -0.267430
v -0.151928 2.576725 -0.147509
v 0.151928 2.318846 -0.231649
v 0.151928 2.558846 -0.111727
v 0.151928 2.336725 -0.267430
v 0.151928 2.576725 -0.147509
vn -1.0000 0.0000 0.0000
vn -0.0000 0.4470 -0.8945
vn 1.0000 0.0000 0.0000
vn 0.0000 -0.4470 0.8945
vn -0.0000 -0.8945 -0.4470
vn 0.0000 0.8945 0.4470
usemtl mmd_tools_rigid_2
s off
f 281//211 282//211 284//211 283//211
f 283//212 284//212 288//212 287//212
f 287//213 288//213 286//213 285//213
f 285//214 286//214 282//214 281//214
f 283//215 287//215 285//215 281//215
f 288//216 284//216 282//216 286//216
o スカート_0_3_Cube.004
v 0.151849 2.317646 -0.230568
v 0.086272 2.559746 -0.125898
v 0.170766 2.335824 -0.260763
v 0.105189 2.577924 -0.156092
v 0.382379 2.317646 -0.086140
v 0.316802 2.559746 0.018530
v 0.401296 2.335824 -0.116335
v 0.335719 2.577924 -0.011664
vn -0.8474 0.0000 -0.5309
vn 0.4729 0.4545 -0.7549
vn 0.8474 0.0000 0.5309
vn -0.4729 -0.4545 0.7549
vn 0.2413 -0.8908 -0.3851
vn -0.2413 0.8908 0.3851
usemtl mmd_tools_rigid_2
s off
f 289//217 290//217 292//217 291//217
f 291//218 292//218 296//218 295//218
f 295//219 296//219 294//219 293//219
f 293//220 294//220 290//220 289//220
f 291//221 295//221 293//221 289//221
f 296//222 292//222 290//222 294//222
o スカート_0_2_Cube.003
v 0.394696 2.317994 -0.076052
v 0.259950 2.557994 -0.076052
v 0.429575 2.337576 -0.076052
v 0.294829 2.577576 -0.076052
v 0.394696 2.317994 0.164388
v 0.259950 2.557994 0.164388
v 0.429575 2.337576 0.164388
v 0.294829 2.577576 0.164388
vn 0.0000 0.0000 -1.0000
vn 0.8720 0.4896 -0.0000
vn 0.0000 -0.0000 1.0000
vn -0.8720 -0.4896 0.0000
vn 0.4896 -0.8720 0.0000
vn -0.4896 0.8720 -0.0000
usemtl mmd_tools_rigid_2
s off
f 297//223 298//223 300//223 299//223
f 299//224 300//224 304//224 303//224
f 303//225 304//225 302//225 301//225
f 301//226 302//226 298//226 297//226
f 299//227 303//227 301//227 297//227
f 304//228 300//228 298//228 302//228
o スカート_0_1_Cube.002
v 0.370395 2.318523 0.166770
v 0.307248 2.561648 0.087417
v 0.393382 2.333922 0.195657
v 0.330235 2.577047 0.116304
v 0.157333 2.318523 0.336318
v 0.094186 2.561648 0.256965
v 0.180320 2.333922 0.365205
v 0.117173 2.577047 0.285852
vn 0.7825 0.0000 -0.6227
vn 0.5747 0.3850 0.7222
vn -0.7825 0.0000 0.6227
vn -0.5747 -0.3850 -0.7222
vn 0.2397 -0.9229 0.3012
vn -0.2397 0.9229 -0.3012
usemtl mmd_tools_rigid_2
s off
f 305//229 306//229 308//229 307//229
f 307//230 308//230 312//230 311//230
f 311//231 312//231 310//231 309//231
f 309//232 310//232 306//232 305//232
f 307//233 311//233 309//233 305//233
f 312//234 308//234 306//234 310//234
o スカート_0_0_Cube.001
v 0.151958 2.321914 0.319491
v 0.151958 2.561914 0.245786
v 0.151958 2.333657 0.357729
v 0.151958 2.573657 0.284024
v -0.151958 2.321914 0.319491
v -0.151958 2.561914 0.245786
v -0.151958 2.333657 0.357729
v -0.151958 2.573657 0.284024
vn 1.0000 0.0000 0.0000
vn 0.0000 0.2936 0.9559
vn -1.0000 0.0000 0.0000
vn -0.0000 -0.2936 -0.9559
vn 0.0000 -0.9559 0.2936
vn -0.0000 0.9559 -0.2936
usemtl mmd_tools_rigid_2
s off
f 313//235 314//235 316//235 315//235
f 315//236 316//236 320//236 319//236
f 319//237 320//237 318//237 317//237
f 317//238 318//238 314//238 313//238
f 315//239 319//239 317//239 313//239
f 320//240 316//240 314//240 318//240
o Lower_Body_Capsule
v -0.220000 2.561537 0.073074
v -0.205000 2.561537 0.014979
v -0.205000 2.539305 0.019401
v -0.205000 2.520457 0.031995
v -0.205000 2.507864 0.050842
v -0.205000 2.503442 0.073074
v -0.205000 2.507864 0.095306
v -0.205000 2.520457 0.114153
v -0.205000 2.539305 0.126747
v -0.205000 2.561537 0.131169
v -0.205000 2.583768 0.126747
v -0.205000 2.602616 0.114153
v -0.205000 2.615209 0.095306
v -0.205000 2.619631 0.073074
v -0.205000 2.615209 0.050842
v -0.205000 2.602616 0.031995
v -0.205000 2.583768 0.019401
v -0.190000 2.561537 -0.006299
v -0.190000 2.531162 -0.000257
v -0.190000 2.505412 0.016949
v -0.190000 2.488206 0.042699
v -0.190000 2.482164 0.073074
v -0.190000 2.488206 0.103449
v -0.190000 2.505412 0.129199
v -0.190000 2.531162 0.146405
v -0.190000 2.561537 0.152447
v -0.190000 2.591911 0.146405
v -0.190000 2.617661 0.129199
v -0.190000 2.634867 0.103449
v -0.190000 2.640909 0.073074
v -0.190000 2.634867 0.042699
v -0.190000 2.617661 0.016949
v -0.190000 2.591911 -0.000257
v -0.175000 2.561537 -0.020601
v -0.175000 2.525689 -0.013470
v -0.175000 2.495298 0.006836
v -0.175000 2.474992 0.037226
v -0.175000 2.467862 0.073074
v -0.175000 2.474992 0.108922
v -0.175000 2.495298 0.139312
v -0.175000 2.525689 0.159618
v -0.175000 2.561537 0.166749
v -0.175000 2.597384 0.159618
v -0.175000 2.627775 0.139312
v -0.175000 2.648081 0.108922
v -0.175000 2.655211 0.073074
v -0.175000 2.648081 0.037226
v -0.175000 2.627775 0.006836
v -0.175000 2.597384 -0.013470
v -0.160000 2.561537 -0.030849
v -0.160000 2.521767 -0.022938
v -0.160000 2.488052 -0.000411
v -0.160000 2.465524 0.033304
v -0.160000 2.457613 0.073074
v -0.160000 2.465524 0.112844
v -0.160000 2.488052 0.146559
v -0.160000 2.521767 0.169086
v -0.160000 2.561537 0.176997
v -0.160000 2.601306 0.169086
v -0.160000 2.635021 0.146559
v -0.160000 2.657549 0.112844
v -0.160000 2.665460 0.073074
v -0.160000 2.657549 0.033304
v -0.160000 2.635021 -0.000411
v -0.160000 2.601306 -0.022938
v -0.145000 2.561537 -0.038169
v -0.145000 2.518966 -0.029701
v -0.145000 2.482876 -0.005587
v -0.145000 2.458761 0.030503
v -0.145000 2.450294 0.073074
v -0.145000 2.458761 0.115645
v -0.145000 2.482876 0.151735
v -0.145000 2.518966 0.175849
v -0.145000 2.561537 0.184317
v -0.145000 2.604107 0.175849
v -0.145000 2.640197 0.151735
v -0.145000 2.664312 0.115645
v -0.145000 2.672780 0.073074
v -0.145000 2.664312 0.030503
v -0.145000 2.640197 -0.005587
v -0.145000 2.604107 -0.029701
v -0.130000 2.561537 -0.043116
v -0.130000 2.517073 -0.034271
v -0.130000 2.479378 -0.009084
v -0.130000 2.454191 0.028610
v -0.130000 2.445347 0.073074
v -0.130000 2.454191 0.117538
v -0.130000 2.479378 0.155232
v -0.130000 2.517073 0.180419
v -0.130000 2.561537 0.189263
v -0.130000 2.606000 0.180419
v -0.130000 2.643695 0.155232
v -0.130000 2.668882 0.117538
v -0.130000 2.677726 0.073074
v -0.130000 2.668882 0.028610
v -0.130000 2.643695 -0.009084
v -0.130000 2.606000 -0.034271
v -0.115000 2.561537 -0.045985
v -0.115000 2.515975 -0.036922
v -0.115000 2.477349 -0.011113
v -0.115000 2.451540 0.027512
v -0.115000 2.442478 0.073074
v -0.115000 2.451540 0.118636
v -0.115000 2.477349 0.157261
v -0.115000 2.515975 0.183070
v -0.115000 2.561537 0.192133
v -0.115000 2.607098 0.183070
v -0.115000 2.645724 0.157261
v -0.115000 2.671533 0.118636
v -0.115000 2.680595 0.073074
v -0.115000 2.671533 0.027512
v -0.115000 2.645724 -0.011113
v -0.115000 2.607098 -0.036922
v -0.100000 2.561537 -0.046926
v -0.100000 2.515615 -0.037792
v -0.100000 2.476684 -0.011779
v -0.100000 2.450671 0.027152
v -0.100000 2.441536 0.073074
v -0.100000 2.450671 0.118996
v -0.100000 2.476684 0.157927
v -0.100000 2.515615 0.183940
v -0.100000 2.561537 0.193074
v -0.100000 2.607459 0.183940
v -0.100000 2.646389 0.157927
v -0.100000 2.672402 0.118996
v -0.100000 2.681536 0.073074
v -0.100000 2.672402 0.027152
v -0.100000 2.646389 -0.011779
v -0.100000 2.607459 -0.037792
v 0.100000 2.561537 -0.046926
v 0.100000 2.515615 -0.037792
v 0.100000 2.476684 -0.011779
v 0.100000 2.450671 0.027152
v 0.100000 2.441537 0.073074
v 0.100000 2.450671 0.118996
v 0.100000 2.476684 0.157927
v 0.100000 2.515615 0.183940
v 0.100000 2.561537 0.193074
v 0.100000 2.607459 0.183940
v 0.100000 2.646389 0.157927
v 0.100000 2.672402 0.118996
v 0.100000 2.681537 0.073074
v 0.100000 2.672402 0.027152
v 0.100000 2.646389 -0.011779
v 0.100000 2.607459 -0.037792
v 0.115000 2.561537 -0.045985
v 0.115000 2.515975 -0.036922
v 0.115000 2.477349 -0.011113
v 0.115000 2.451540 0.027512
v 0.115000 2.442478 0.073074
v 0.115000 2.451540 0.118636
v 0.115000 2.477349 0.157261
v 0.115000 2.515975 0.183070
v 0.115000 2.561537 0.192133
v 0.115000 2.607098 0.183070
v 0.115000 2.645724 0.157261
v 0.115000 2.671533 0.118636
v 0.115000 2.680595 0.073074
v 0.115000 2.671533 0.027512
v 0.115000 2.645724 -0.011113
v 0.115000 2.607098 -0.036922
v 0.130000 2.561537 -0.043116
v 0.130000 2.517073 -0.034271
v 0.130000 2.479378 -0.009084
v 0.130000 2.454191 0.028610
v 0.130000 2.445347 0.073074
v 0.130000 2.454191 0.117538
v 0.130000 2.479378 0.155232
v 0.130000 2.517073 0.180419
v 0.130000 2.561537 0.189263
v 0.130000 2.606000 0.180419
v 0.130000 2.643695 0.155232
v 0.130000 2.668882 0.117538
v 0.130000 2.677726 0.073074
v 0.130000 2.668882 0.028610
v 0.130000 2.643695 -0.009084
v 0.130000 2.606000 -0.034271
v 0.145000 2.561537 -0.038169
v 0.145000 2.518966 -0.029701
v 0.145000 2.482876 -0.005587
v 0.145000 2.458761 0.030503
v 0.145000 2.450294 0.073074
v 0.145000 2.458761 0.115645
v 0.145000 2.482876 0.151735
v 0.145000 2.518966 0.175849
v 0.145000 2.561537 0.184317
v 0.145000 2.604107 0.175849
v 0.145000 2.640197 0.151735
v 0.145000 2.664312 0.115645
v 0.145000 2.672780 0.073074
v 0.145000 2.664312 0.030503
v 0.145000 2.640197 -0.005587
v 0.145000 2.604107 -0.029701
v 0.160000 2.561537 -0.030849
v 0.160000 2.521767 -0.022938
v 0.160000 2.488052 -0.000411
v 0.160000 2.465524 0.033304
v 0.160000 2.457613 0.073074
v 0.160000 2.465524 0.112844
v 0.160000 2.488052 0.146559
v 0.160000 2.521767 0.169086
v 0.160000 2.561537 0.176997
v 0.160000 2.601306 0.169086
v 0.160000 2.635021 0.146559
v 0.160000 2.657549 0.112844
v 0.160000 2.665460 0.073074
v 0.160000 2.657549 0.033304
v 0.160000 2.635021 -0.000411
v 0.160000 2.601306 -0.022938
v 0.175000 2.561537 -0.020601
v 0.175000 2.525689 -0.013470
v 0.175000 2.495298 0.006836
v 0.175000 2.474992 0.037226
v 0.175000 2.467862 0.073074
v 0.175000 2.474992 0.108922
v 0.175000 2.495298 0.139312
v 0.175000 2.525689 0.159618
v 0.175000 2.561537 0.166749
v 0.175000 2.597384 0.159618
v 0.175000 2.627775 0.139312
v 0.175000 2.648081 0.108922
v 0.175000 2.655211 0.073074
v 0.175000 2.648081 0.037226
v 0.175000 2.627775 0.006836
v 0.175000 2.597384 -0.013470
v 0.190000 2.561537 -0.006299
v 0.190000 2.531162 -0.000257
v 0.190000 2.505412 0.016949
v 0.190000 2.488206 0.042699
v 0.190000 2.482164 0.073074
v 0.190000 2.488206 0.103449
v 0.190000 2.505412 0.129199
v 0.190000 2.531162 0.146405
v 0.190000 2.561537 0.152447
v 0.190000 2.591911 0.146405
v 0.190000 2.617661 0.129199
v 0.190000 2.634867 0.103449
v 0.190000 2.640909 0.073074
v 0.190000 2.634867 0.042699
v 0.190000 2.617661 0.016949
v 0.190000 2.591911 -0.000257
v 0.205000 2.561537 0.014979
v 0.205000 2.539305 0.019401
v 0.205000 2.520457 0.031995
v 0.205000 2.507864 0.050842
v 0.205000 2.503442 0.073074
v 0.205000 2.507864 0.095306
v 0.205000 2.520457 0.114153
v 0.205000 2.539305 0.126747
v 0.205000 2.561537 0.131169
v 0.205000 2.583768 0.126747
v 0.205000 2.602616 0.114153
v 0.205000 2.615209 0.095306
v 0.205000 2.619631 0.073074
v 0.205000 2.615209 0.050842
v 0.205000 2.602616 0.031995
v 0.205000 2.583768 0.019401
v 0.220000 2.561537 0.073074
vn -1.0000 0.0000 0.0000
vn -0.8989 0.0000 -0.4380
vn -0.8989 -0.1676 -0.4047
vn -0.8989 -0.3097 -0.3097
vn -0.8989 -0.4047 -0.1676
vn -0.8989 -0.4380 0.0000
vn -0.8989 -0.4047 0.1676
vn -0.8989 -0.3097 0.3097
vn -0.8989 -0.1676 0.4047
vn -0.8989 0.0000 0.4380
vn -0.8989 0.1676 0.4047
vn -0.8989 0.3097 0.3097
vn -0.8989 0.4047 0.1676
vn -0.8989 0.4380 0.0000
vn -0.8989 0.4047 -0.1676
vn -0.8989 0.3097 -0.3097
vn -0.8989 0.1676 -0.4047
vn -0.7513 0.0000 -0.6599
vn -0.7513 -0.2525 -0.6097
vn -0.7513 -0.4666 -0.4666
vn -0.7513 -0.6097 -0.2525
vn -0.7513 -0.6599 0.0000
vn -0.7513 -0.6097 0.2525
vn -0.7513 -0.4666 0.4666
vn -0.7513 -0.2525 0.6097
vn -0.7513 0.0000 0.6599
vn -0.7513 0.2525 0.6097
vn -0.7513 0.4666 0.4666
vn -0.7513 0.6097 0.2525
vn -0.7513 0.6599 0.0000
vn -0.7513 0.6097 -0.2525
vn -0.7513 0.4666 -0.4666
vn -0.7513 0.2525 -0.6097
vn -0.6243 0.0000 -0.7812
vn -0.6243 -0.2989 -0.7217
vn -0.6243 -0.5524 -0.5524
vn -0.6243 -0.7217 -0.2989
vn -0.6243 -0.7812 0.0000
vn -0.6243 -0.7217 0.2989
vn -0.6243 -0.5524 0.5524
vn -0.6243 -0.2989 0.7217
vn -0.6243 0.0000 0.7812
vn -0.6243 0.2989 0.7217
vn -0.6243 0.5524 0.5524
vn -0.6243 0.7217 0.2989
vn -0.6243 0.7812 0.0000
vn -0.6243 0.7217 -0.2989
vn -0.6243 0.5524 -0.5524
vn -0.6243 0.2989 -0.7217
vn -0.4988 0.0000 -0.8667
vn -0.4988 -0.3317 -0.8007
vn -0.4988 -0.6128 -0.6128
vn -0.4988 -0.8007 -0.3317
vn -0.4988 -0.8667 0.0000
vn -0.4988 -0.8007 0.3317
vn -0.4988 -0.6128 0.6128
vn -0.4988 -0.3317 0.8007
vn -0.4988 0.0000 0.8667
vn -0.4988 0.3317 0.8007
vn -0.4988 0.6128 0.6128
vn -0.4988 0.8007 0.3317
vn -0.4988 0.8667 0.0000
vn -0.4988 0.8007 -0.3317
vn -0.4988 0.6128 -0.6128
vn -0.4988 0.3317 -0.8007
vn -0.3738 0.0000 -0.9275
vn -0.3738 -0.3549 -0.8569
vn -0.3738 -0.6558 -0.6558
vn -0.3738 -0.8569 -0.3549
vn -0.3738 -0.9275 0.0000
vn -0.3738 -0.8569 0.3549
vn -0.3738 -0.6558 0.6558
vn -0.3738 -0.3549 0.8569
vn -0.3738 0.0000 0.9275
vn -0.3738 0.3549 0.8569
vn -0.3738 0.6558 0.6558
vn -0.3738 0.8569 0.3549
vn -0.3738 0.9275 0.0000
vn -0.3738 0.8569 -0.3549
vn -0.3738 0.6558 -0.6558
vn -0.3738 0.3549 -0.8569
vn -0.2491 0.0000 -0.9684
vn -0.2491 -0.3706 -0.8947
vn -0.2491 -0.6848 -0.6848
vn -0.2491 -0.8947 -0.3706
vn -0.2491 -0.9684 0.0000
vn -0.2491 -0.8947 0.3706
vn -0.2491 -0.6848 0.6848
vn -0.2491 -0.3706 0.8947
vn -0.2491 0.0000 0.9684
vn -0.2491 0.3706 0.8947
vn -0.2491 0.6848 0.6848
vn -0.2491 0.8947 0.3706
vn -0.2491 0.9684 0.0000
vn -0.2491 0.8947 -0.3706
vn -0.2491 0.6848 -0.6848
vn -0.2491 0.3706 -0.8947
vn -0.1245 0.0000 -0.9922
vn -0.1245 -0.3797 -0.9167
vn -0.1245 -0.7016 -0.7016
vn -0.1245 -0.9167 -0.3797
vn -0.1245 -0.9922 0.0000
vn -0.1245 -0.9167 0.3797
vn -0.1245 -0.7016 0.7016
vn -0.1245 -0.3797 0.9167
vn -0.1245 0.0000 0.9922
vn -0.1245 0.3797 0.9167
vn -0.1245 0.7016 0.7016
vn -0.1245 0.9167 0.3797
vn -0.1245 0.9922 0.0000
vn -0.1245 0.9167 -0.3797
vn -0.1245 0.7016 -0.7016
vn -0.1245 0.3797 -0.9167
vn -0.0312 0.0000 -0.9995
vn -0.0312 -0.3825 -0.9234
vn -0.0312 -0.7067 -0.7067
vn -0.0312 -0.9234 -0.3825
vn -0.0312 -0.9995 0.0000
vn -0.0312 -0.9234 0.3825
vn -0.0312 -0.7067 0.7067
vn -0.0312 -0.3825 0.9234
vn -0.0312 0.0000 0.9995
vn -0.0312 0.3825 0.9234
vn -0.0312 0.7067 0.7067
vn -0.0312 0.9234 0.3825
vn -0.0312 0.9995 0.0000
vn -0.0312 0.9234 -0.3825
vn -0.0312 0.7067 -0.7067
vn -0.0312 0.3825 -0.9234
vn 0.0312 0.0000 -0.9995
vn 0.0312 -0.3825 -0.9234
vn 0.0312 -0.7067 -0.7067
vn 0.0312 -0.9234 -0.3825
vn 0.0312 -0.9995 0.0000
vn 0.0312 -0.9234 0.3825
vn 0.0312 -0.7067 0.7067
vn 0.0312 -0.3825 0.9234
vn 0.0312 0.0000 0.9995
vn 0.0312 0.3825 0.9234
vn 0.0312 0.7067 0.7067
vn 0.0312 0.9234 0.3825
vn 0.0312 0.9995 0.0000
vn 0.0312 0.9234 -0.3825
vn 0.0312 0.7067 -0.7067
vn 0.0312 0.3825 -0.9234
vn 0.1245 0.0000 -0.9922
vn 0.1245 -0.3797 -0.9167
vn 0.1245 -0.7016 -0.7016
vn 0.1245 -0.9167 -0.3797
vn 0.1245 -0.9922 0.0000
vn 0.1245 -0.9167 0.3797
vn 0.1245 -0.7016 0.7016
vn 0.1245 -0.3797 0.9167
vn 0.1245 0.0000 0.9922
vn 0.1245 0.3797 0.9167
vn 0.1245 0.7016 0.7016
vn 0.1245 0.9167 0.3797
vn 0.1245 0.9922 0.0000
vn 0.1245 0.9167 -0.3797
vn 0.1245 0.7016 -0.7016
vn 0.1245 0.3797 -0.9167
vn 0.2491 0.0000 -0.9684
vn 0.2491 -0.3706 -0.8947
vn 0.2491 -0.6848 -0.6848
vn 0.2491 -0.8947 -0.3706
vn 0.2491 -0.9684 0.0000
vn 0.2491 -0.8947 0.3706
vn 0.2491 -0.6848 0.6848
vn 0.2491 -0.3706 0.8947
vn 0.2491 0.0000 0.9684
vn 0.2491 0.3706 0.8947
vn 0.2491 0.6848 0.6848
vn 0.2491 0.8947 0.3706
vn 0.2491 0.9684 0.0000
vn 0.2491 0.8947 -0.3706
vn 0.2491 0.6848 -0.6848
vn 0.2491 0.3706 -0.8947
vn 0.3738 0.0000 -0.9275
vn 0.3738 -0.3549 -0.8569
vn 0.3738 -0.6558 -0.6558
vn 0.3738 -0.8569 -0.3549
vn 0.3738 -0.9275 0.0000
vn 0.3738 -0.8569 0.3549
vn 0.3738 -0.6558 0.6558
vn 0.3738 -0.3549 0.8569
vn 0.3738 0.0000 0.9275
vn 0.3738 0.3549 0.8569
vn 0.3738 0.6558 0.6558
vn 0.3738 0.8569 0.3549
vn 0.3738 0.9275 0.0000
vn 0.3738 0.8569 -0.3549
vn 0.3738 0.6558 -0.6558
vn 0.3738 0.3549 -0.8569
vn 0.4988 0.0000 -0.8667
vn 0.4988 -0.3317 -0.8007
vn 0.4988 -0.6128 -0.6128
vn 0.4988 -0.8007 -0.3317
vn 0.4988 -0.8667 0.0000
vn 0.4988 -0.8007 0.3317
vn 0.4988 -0.6128 0.6128
vn 0.4988 -0.3317 0.8007
vn 0.4988 0.0000 0.8667
vn 0.4988 0.3317 0.8007
vn 0.4988 0.6128 0.6128
vn 0.4988 0.8007 0.3317
vn 0.4988 0.8667 0.0000
vn 0.4988 0.8007 -0.3317
vn 0.4988 0.6128 -0.6128
vn 0.4988 0.3317 -0.8007
vn 0.6243 0.0000 -0.7812
vn 0.6243 -0.2989 -0.7217
vn 0.6243 -0.5524 -0.5524
vn 0.6243 -0.7217 -0.2989
vn 0.6243 -0.7812 0.0000
vn 0.6243 -0.7217 0.2989
vn 0.6243 -0.5524 0.5524
vn 0.6243 -0.2989 0.7217
vn 0.6243 0.0000 0.7812
vn 0.6243 0.2989 0.7217
vn 0.6243 0.5524 0.5524
vn 0.6243 0.7217 0.2989
vn 0.6243 0.7812 0.0000
vn 0.6243 0.7217 -0.2989
vn 0.6243 0.5524 -0.5524
vn 0.6243 0.2989 -0.7217
vn 0.7513 0.0000 -0.6599
vn 0.7513 -0.2525 -0.6097
vn 0.7513 -0.4666 -0.4666
vn 0.7513 -0.6097 -0.2525
vn 0.7513 -0.6599 0.0000
vn 0.7513 -0.6097 0.2525
vn 0.7513 -0.4666 0.4666
vn 0.7513 -0.2525 0.6097
vn 0.7513 0.0000 0.6599
vn 0.7513 0.2525 0.6097
vn 0.7513 0.4666 0.4666
vn 0.7513 0.6097 0.2525
vn 0.7513 0.6599 0.0000
vn 0.7513 0.6097 -0.2525
vn 0.7513 0.4666 -0.4666
vn 0.7513 0.2525 -0.6097
vn 0.8989 0.0000 -0.4380
